simulation_id	longitude	latitude	inclination	distance	mass1	mass2	spin1z	spin2z
1	4.2620217	0.6847603	1.3204223	140.02363	1.2682218	1.2581743	-0.018844983	-0.069838414
18	0.38610984	-1.2183755	1.0088656	496.46397	1.7492297	1.4540676	0.11190608	0.26704698
42	2.7429147	-0.83090338	0.42219035	989.80854	3.082608	2.4165605	-0.52508936	0.1048572
47	4.5625499	-0.0033924737	0.32873468	412.67993	1.8516165	1.5083028	-0.045129462	-0.025886032
53	0.17145007	0.40632663	0.63911067	537.52385	2.8289796	2.2959632	-0.049950587	-0.038472221
81	2.434501	-0.44445802	2.6385445	574.22181	1.8112135	1.6332641	-0.087191149	0.00040221917
87	5.8493326	-0.054763019	2.7044718	553.23849	1.6567261	1.3470476	0.27282111	0.19615929
113	1.7542944	-0.024825885	0.4115078	576.57186	2.2083346	1.3113654	-0.10802136	0.05491601
116	4.6016685	-0.43314576	2.5337191	447.39437	2.0694276	1.8573067	0.05212075	0.012160157
119	5.6967739	0.28608051	0.4561375	535.21112	1.6510845	1.3410921	0.0011300743	-0.0003500474
121	5.7311327	0.79517612	0.80954091	280.79445	1.9218558	1.6012111	0.25124602	-0.34731872
129	4.8158785	-0.38728304	2.9822675	541.54998	1.5015749	1.3842737	0.11517714	-0.18000745
130	4.7244838	0.055420077	2.6755138	306.74301	2.0899743	1.2575588	0.23463483	-0.010298908
150	4.7860584	0.68903642	0.77036909	357.5942	1.8381134	1.8129862	0.077693782	-0.23349617
155	0.74084987	-0.15450337	2.4096784	279.15183	1.8192381	1.2674819	0.030905295	-0.12997927
183	5.3942362	-0.75930781	1.1613845	94.326809	2.6456819	2.1891282	-0.17617287	0.044514575
184	2.4581263	-1.4129542	2.079836	571.31178	2.6958239	1.576406	-0.20001014	-0.10128882
189	3.0974585	-0.68239946	1.1365684	244.55174	2.4791503	2.0536204	0.078421786	-0.17639853
190	4.9866342	-0.046079493	2.3925642	242.79128	2.7165207	1.4693943	0.15621813	-0.13396944
192	0.54721239	1.3310304	2.8003542	741.95427	2.3953625	2.2427371	0.002587605	0.103642
212	6.2300167	1.1344083	0.52365786	614.43565	2.4077081	1.3317055	0.051251526	-0.26327764
213	5.3009943	0.73230499	2.1752874	340.15895	1.4706939	1.2509076	-0.096410994	-0.092099285
222	1.9603628	0.20258853	0.507378	387.65498	2.253724	1.4260456	0.088189784	0.13287116
223	2.5839529	0.57273647	2.8458794	205.7747	1.4150832	1.2278121	0.14462764	-0.015236238
225	0.79079837	-1.1507053	2.5612833	4816.7143	3.4306413	2.3111605	-0.17350688	-0.068619412
231	2.3893545	-0.25865662	0.63523167	751.94364	2.0635672	1.9457021	-0.03644417	-0.23617295
232	0.78230303	-0.84910351	0.82161027	576.17296	2.3604905	2.1702811	-0.13378021	0.12540181
248	2.4041229	-0.2547009	2.3868201	364.72136	2.7657622	1.2748254	-0.13339485	-0.039260892
252	3.3109261	-0.10375101	2.8659604	404.77115	2.0890334	1.8884563	-0.007486088	-0.044623757
267	3.2766243	0.17193163	2.2850471	369.71363	1.8228428	1.660887	-0.15068598	0.036656634
284	0.61230462	0.64064238	0.35073974	310.88941	2.7341781	2.0540454	-0.19411244	0.094672006
289	5.3976868	0.49031711	1.0495639	263.06576	1.4350866	1.2389432	0.015412646	0.066412067
290	6.2378132	0.89877588	0.26710745	3131.9784	3.2364395	1.8113579	-0.30308079	0.12838324
294	6.2147682	-0.57218451	2.7811114	4205.2017	3.5534996	3.1455791	-0.0065203828	-0.13613619
304	1.5301937	0.08829681	0.33105021	406.09281	1.3164121	1.2122429	-0.14421209	0.057272874
307	4.0165991	0.50657333	0.53762049	379.61214	1.9461666	1.7827742	-0.087063709	0.010518181
318	2.7284764	-0.1937095	3.049122	1028.3902	2.4398558	1.7951762	-0.33561659	-0.029019089
344	2.6168888	0.47624437	2.0667969	144.45858	2.7644879	1.4831179	0.23475989	0.050909709
354	1.3575866	0.97997441	0.99585415	506.43152	2.3516126	1.2788647	0.1359244	0.041591733
372	4.5112644	-0.79986687	0.67625248	678.58219	1.8498414	1.645734	0.10170878	0.03827628
377	4.0064508	0.55932509	2.438276	349.34808	2.8279648	1.3269785	-0.35918127	-0.109268
380	5.3649268	-1.3659825	0.80222492	530.61357	2.1308291	1.4303832	0.058737205	0.053401237
382	5.5478387	-0.518252	2.1130452	2333.3559	2.2957058	2.1710636	0.17602484	0.025677442
383	0.13819433	0.52349043	0.16069659	207.43423	1.7839207	1.3414591	0.069003987	-0.14698511
385	5.9499405	-0.5677146	2.6785758	311.62405	1.7761808	1.3345484	0.085204798	0.15280451
405	4.0643852	-0.81783086	2.8614378	334.66869	2.3102968	2.063834	0.15269653	-0.20211691
428	3.1695342	-0.29969188	0.27127156	174.73133	1.6598861	1.1719522	-0.0065856313	0.35775463
448	0.9133168	-0.53773348	0.9186629	646.90298	2.4544932	2.2901167	0.21625398	0.1162805
458	0.49425428	-0.27872384	2.4760497	148.24095	1.6714266	1.5352826	0.18918163	0.0088543058
468	0.12728336	0.42708612	0.15337759	878.32902	2.4899198	2.299002	0.039090449	0.032748213
469	4.6929644	-1.2154043	1.9058593	174.85563	1.6428629	1.2679798	-0.11542021	-0.013673877
494	3.6996903	-0.45896152	3.0596637	677.28975	2.8913007	2.2957578	0.012865174	-0.20966178
499	2.3319136	-0.24578845	0.84446245	164.89563	2.1051137	2.085265	-0.0044839889	0.27945001
503	3.5501993	0.15713188	0.3248314	585.95391	2.1044217	1.4394122	-0.12818513	-0.0095734029
509	5.710239	0.24358993	3.0334561	686.11364	3.0135547	2.170681	0.021057292	0.058192513
514	5.6560177	1.3021828	0.78530953	191.30235	2.3534176	1.2375303	-0.13970581	0.035427105
522	4.5033931	0.91068077	2.3536608	217.60694	1.6734631	1.666221	-0.07632128	-0.080922883
541	0.36373373	-0.26538623	2.4102345	780.16446	2.8313761	2.732072	-0.0055524807	-0.038039484
551	6.2327545	0.82587335	1.1725777	370.08801	2.1406188	1.3244282	0.215504	-0.039505409
557	0.66148678	-0.25975481	2.4338767	377.63738	2.6006206	1.4018829	-0.099055438	-0.27934405
560	1.4446454	-0.64825676	1.9951249	152.30016	2.6814091	1.8149429	0.51784412	0.11402085
564	3.5227149	-0.63114863	0.49742876	502.47339	1.9374494	1.9215735	-0.18150058	-0.011799041
567	2.9291944	0.47724005	0.94930486	525.90195	1.735746	1.3674709	0.0051677397	0.0071201048
572	1.8953151	-0.87674742	0.60799303	551.79314	2.7862238	1.7961361	0.11067934	0.16919409
577	5.6036994	0.99036681	0.28154378	812.86671	2.8056982	2.6911635	-0.066927017	-0.23519161
580	4.630322	-0.66546776	1.1815231	102.72643	1.8728536	1.3193222	0.29761696	-0.036155641
587	2.0612686	-0.011974148	0.55749139	690.63327	2.4879669	1.6668983	0.064554926	0.11093722
596	4.1121145	0.52192537	2.5874748	529.55988	1.9344682	1.6934476	0.12207964	-0.21863537
604	0.49147205	-0.14818532	2.1112503	181.64232	2.0576517	2.010432	0.0040992032	0.0028493289
611	0.99330731	0.31368211	0.76253823	134.7858	1.9859793	1.4241691	-0.20558134	-0.171341
614	4.9609265	-0.56979029	0.70194091	450.16669	1.590359	1.5629399	-0.22153434	-0.012759507
633	4.4465907	-0.52462484	2.1040702	196.3914	1.4539391	1.386137	0.00054370047	-0.081608046
650	5.3297877	-0.45971121	2.6898596	818.77531	2.5043018	1.7972883	0.0042101231	-0.091277134
652	0.99306268	0.41354738	2.9388185	231.19153	1.5526508	1.3121121	-0.06194781	-0.052100267
663	1.7323155	1.0728166	3.054899	405.13412	1.5878152	1.5255907	-0.021794206	-0.040022461
682	5.9633704	-0.38393272	0.38813054	397.511	2.8786837	2.4261138	0.14946072	0.0071775039
687	5.0504573	0.92882725	0.17802614	195.20724	1.4263841	1.3977971	-0.14365243	0.18876805
697	4.9000955	0.18442283	2.34044	509.28549	1.5445893	1.3049469	0.031509044	-0.06158849
700	2.4027929	-0.57929629	0.52407159	309.3639	2.3215538	2.2010525	-0.020668954	-0.025829257
708	1.4443232	1.4080638	1.220788	8488.5849	6.4104787	5.5285534	0.072911304	0.37885712
709	0.57076351	-0.26543776	0.27121046	468.07337	2.2819433	2.2207765	-0.0051119283	0.0084599045
711	0.46548894	-0.42124342	2.262494	405.49179	1.4992438	1.4382125	-0.16881468	-0.052414129
713	1.7106052	-0.832744	2.344923	669.27484	1.7672325	1.2420543	-0.24313437	0.076130516
717	5.4450103	-0.47040831	1.298153	136.60021	2.3259129	1.249371	-0.057809797	0.0061457956
724	4.4295417	-0.50163265	0.48064667	386.63991	1.5144896	1.3769189	-0.086022013	-0.32546234
733	5.6803275	0.14310661	0.56398014	394.40938	1.5660669	1.5655486	0.085167438	-0.012076586
736	6.2615737	0.42665915	0.57003035	267.94793	2.0012305	1.3829292	0.23218983	-0.0047008693
737	3.1167526	-0.28651356	0.88649257	901.5214	2.6853452	2.4597026	-0.00016884947	-0.10557538
759	3.2242959	1.155603	0.81360105	391.33566	2.7880778	2.7089904	-0.74542845	-0.12586538
782	6.0799118	-0.28348083	0.21943161	365.82865	1.7045454	1.4735111	-0.22488679	-0.00021106877
783	0.86073383	0.6182576	2.3811607	567.13464	2.8401097	2.4119607	-0.7900271	0.25600416
794	6.204207	-0.89420389	0.61679952	191.82994	1.8130054	1.2189486	-0.15895401	0.18916769
797	1.6451937	0.63040746	3.1207486	663.49163	2.0046458	1.9124958	-0.1305697	-0.083746488
799	4.4001293	-0.38535585	0.88241491	262.756	1.8659425	1.3241249	-0.0011055147	0.082028541
802	3.022019	-1.2910539	0.2666642	349.51685	2.8744701	1.554324	0.59758804	0.11659131
811	4.4132194	0.19128311	0.89741303	389.89334	2.4312304	2.1421657	-0.0035882986	0.0089510364
815	2.5286052	1.0777055	2.7698542	1254.4817	2.8608733	2.8580685	-0.26353881	0.027371277
817	2.633147	0.12413204	2.5605413	72.795428	1.5189433	1.4305642	0.053648122	-0.013277725
819	6.2413615	-0.64098925	0.88596686	520.79702	1.4224967	1.3087653	0.01119415	0.22413584
851	6.2310686	-0.9063568	1.2131858	206.92605	2.5062312	1.4569661	0.041001467	-6.4065249e-05
854	2.8961309	-0.082889711	2.2703291	799.62191	2.3585872	2.0027998	-0.026021703	0.08311766
857	4.3856125	-0.91333435	2.7882469	2525.1557	2.8785023	2.7263719	0.25898437	0.028333164
859	4.0460273	-0.26323312	2.8238311	307.43211	2.5818991	2.2042191	0.099986059	-0.034421676
865	0.17782616	0.11457214	0.66823374	352.91754	1.457787	1.3005468	0.11913992	0.10318967
870	2.1498125	0.81407589	2.7329813	555.09153	1.7426477	1.5100953	-0.10842182	-0.17397776
872	3.0977081	0.75466283	2.7259956	400.74727	2.3657312	1.9576829	-0.016197151	0.00055150872
896	2.3823751	0.4575622	2.9404342	109.69722	1.3064163	1.2092672	-0.0083822472	-0.0027260222
900	1.9573673	-0.17310338	2.4374272	503.49897	3.2461501	1.6260606	-0.084638932	-0.098342997
905	1.6826213	1.0337428	0.68635843	181.52311	1.3681934	1.2095012	-0.008346188	0.035358152
915	5.3617328	-0.77315007	0.75360097	256.83341	1.7492899	1.333783	0.162333	-0.16008968
942	4.5340672	-0.19870031	2.8502419	707.83966	1.5922474	1.4876207	-0.082938339	-0.085234059
952	6.1309023	0.07637813	2.1722247	6218.5455	3.9669045	2.3889809	0.24362567	0.086347923
962	5.4894007	-0.22076014	0.89573989	316.81792	1.4394342	1.3832896	-0.015960391	-0.05175219
967	2.6571464	-0.18729146	2.6980512	444.81342	2.774373	2.1776308	0.12277619	-0.13099346
979	1.2790212	0.62251984	0.92001559	250.40742	2.3849993	1.938808	0.045193345	0.020190154
980	4.7102745	0.26674113	1.8569356	212.1723	1.4416139	1.3718188	0.14082462	-0.16639498
983	0.57647477	0.97924433	0.93557624	206.50003	1.4109358	1.3913199	-0.019756711	0.21239111
984	6.2134514	-0.9907208	1.8292855	287.74632	2.6184639	2.205064	-0.088443244	0.054627825
986	4.8978099	0.68216227	2.5767781	348.54933	2.6255993	2.2074537	-0.046041888	0.033469357
988	4.7685348	-1.0641022	2.4175315	213.89339	1.3249731	1.3024023	0.070336323	-0.27670566
989	4.572293	1.4468752	2.7608058	501.19509	2.9235406	1.5917844	-0.16155522	-0.27373854
1002	5.1247617	-0.26330131	2.1600384	225.40411	1.715655	1.3210967	0.19639016	-0.31515936
1004	1.8465272	-0.7417613	2.9284273	622.22179	1.7550812	1.571644	-0.010406968	-0.040353785
1011	4.232707	0.62530562	1.0275107	219.48474	2.5761326	1.2917364	-0.33378503	-0.059786289
1018	6.002164	1.1587567	2.9590777	259.70943	2.1787984	1.5115287	0.090933078	-0.10013865
1043	3.566673	0.36371943	0.69440352	447.85366	1.8935635	1.6748525	0.092012583	-0.055154459
1047	2.8149827	-0.11619206	1.8925576	5865.3794	4.88447	3.0714513	-0.050268355	0.12597639
1054	6.1793294	-1.0586067	1.6060316	186.04656	2.0525719	1.9642341	-0.044305716	-0.050499999
1055	4.7995471	-0.59475952	2.9055615	548.79787	2.4931875	1.7691748	-0.11740177	-0.028098294
1058	2.1782159	-0.1993409	1.0274183	102.45305	2.2954083	1.5691106	0.0091215007	-0.097448122
1062	5.3504014	0.67241471	1.5031451	188.37635	2.0064429	1.2764374	0.10871412	-0.017347475
1065	2.6281548	-0.68541831	2.8203825	171.85658	2.9100791	1.4067234	-0.34308936	-0.0082398283
1081	1.903066	-0.76395775	0.96571218	2847.2785	3.0345515	2.2840445	-0.03103047	0.032283607
1097	2.3349904	0.73373136	2.502218	471.47039	2.5936148	1.8613218	0.074152896	-0.0017498479
1099	0.24437947	0.26272278	0.85754782	295.37073	2.3338314	1.8267423	-0.11120677	0.018360192
1111	1.7958683	0.600505	2.1156915	382.03788	2.5019939	1.9931153	0.027630751	0.025724994
1114	0.19617742	0.068579279	1.923374	506.27849	2.9775888	2.3546071	-0.070823394	-0.071917853
1118	4.2005184	0.74689065	2.7490041	352.47049	2.6713102	1.3614784	0.17358297	-0.23785604
1121	4.6103201	-0.72769659	2.986707	115.81532	1.9114805	1.4080903	-0.092406727	0.01491555
1122	0.12644354	-0.042511096	0.48999077	454.52768	2.0581582	1.7545209	0.0092241963	0.34539978
1130	2.1539093	0.46768821	2.6642966	280.84612	1.6183891	1.4665704	0.19448034	-0.056616123
1134	4.6855237	0.72791323	0.96684636	388.65772	1.6555042	1.6096412	-0.017746387	-0.27311044
1145	2.1296764	-0.57450167	0.43383431	688.42563	1.802313	1.7233856	-0.0016162745	-0.03713593
1164	6.0604071	-0.47755148	0.2346249	396.04343	2.7625497	2.0078424	-0.10388723	-0.091730651
1172	3.8240387	-0.25949979	2.4535767	207.39082	1.3093132	1.2641491	0.20890403	0.0054011919
1180	1.4266842	-1.3575707	1.0758658	362.64017	2.567117	2.4790109	0.036732241	0.0040892096
1204	0.97261499	0.71341181	2.509168	1013.9122	3.0539239	2.0393906	0.27715289	0.001786171
1212	1.419871	-1.3684356	2.1345337	458.72832	2.2736727	2.0334412	-0.035888322	0.028671473
1213	5.5359843	0.73950755	0.19542372	821.68536	2.2084396	1.9069165	-0.046548553	0.030927246
1243	5.3197008	0.44987752	1.3553502	139.79153	1.9391297	1.2017983	0.23523619	-0.073376629
1244	3.5397801	0.68883229	0.57979026	706.76454	2.7311442	2.4152091	-0.23298852	0.08015118
1264	0.66627845	0.37944218	1.259583	115.77937	1.5227594	1.2837242	-0.057312874	0.30691963
1273	4.4191588	-0.50021355	0.71534571	326.50807	2.120492	1.6276312	0.064792432	0.0195267
1290	5.4433902	-0.568859	2.9905089	1034.9842	1.8848507	1.5033265	0.028617989	-0.21779936
1306	5.3723851	-0.05485666	0.74116606	351.40664	2.4662898	2.2234324	-0.029068584	0.3334652
1310	0.56429511	1.5065237	0.93670882	346.65642	2.4990563	2.2687489	-0.086222083	-0.14880936
1321	4.1521491	0.78223604	2.5512574	364.08735	1.529395	1.3459181	-0.028233447	-0.12733882
1336	4.6767594	-0.55385234	2.2643729	256.13261	2.4780278	2.3769522	-0.012464771	-0.067148035
1337	5.424538	0.42259946	0.71516248	407.53196	1.5476978	1.398225	0.011500908	-0.024701185
1347	0.30860949	0.72077903	2.0264961	340.92199	1.6431315	1.4063307	-0.12791562	-0.014010055
1353	0.71935032	0.90101237	2.0139749	342.25796	2.2011343	1.2046603	0.017869414	-0.36083413
1357	3.2351463	0.79173946	2.1359017	288.24738	2.0950285	1.5250923	0.0075201293	0.0025484573
1364	0.31749767	-0.748923	0.74429062	656.15409	2.4219663	2.2715954	-0.29564858	0.014179082
1365	3.7151058	0.066282727	0.65497545	367.8143	2.0071575	1.8375575	-0.022679689	-0.050821918
1371	4.7608238	0.42780669	0.97456285	472.42023	2.4979061	2.0496292	0.15634631	0.062324968
1380	1.8626617	-0.40080171	0.68270513	971.34996	1.6239228	1.565083	0.12419031	0.038431472
1389	1.5132737	-0.90530526	0.46163863	757.29624	1.750968	1.3907793	0.051128804	0.13988355
1413	5.0660818	0.76865132	2.3219305	757.45313	2.4399283	1.9733052	-0.033337719	0.0026127827
1417	6.0790541	0.051053379	1.0739874	329.12107	2.1483319	1.3477832	-0.021578961	-0.022295502
1422	1.9872925	0.28000714	0.88569443	4966.2915	3.5122327	2.1149275	-0.040654564	0.00047190581
1423	5.0307377	0.2230838	2.6239343	124.24661	1.5341666	1.2420771	-0.087397075	-0.063549461
1436	2.2992724	1.0494953	2.0633941	428.50637	2.6628458	1.8339437	0.28151854	-0.036889974
1443	3.3970638	-1.1646312	0.70779116	573.36886	2.583892	1.6874302	0.0045880605	0.18198339
1446	5.4278049	0.0098404134	1.2516496	249.68426	2.2366855	1.352686	-0.09023049	0.0046212812
1450	0.97037198	0.12312776	2.5988245	413.44238	2.6062534	2.4004047	0.14193808	-0.0027915855
1462	5.52101	0.74576328	0.84950818	243.41059	1.8662603	1.5397124	-0.074183796	0.0619805
1484	5.6911094	-0.23174965	2.6396265	1264.6241	2.540114	1.698303	0.16221566	-0.12861121
1510	5.9984364	-0.18345913	2.4028809	556.89397	2.1232158	1.4745441	-0.10726907	0.10866639
1526	2.1836246	0.68044777	2.6616974	999.84962	3.0673206	2.6255728	-0.59695682	-0.072824211
1528	3.5675071	0.50901989	2.47313	551.31915	2.8416766	2.1622518	-0.050178189	-0.00081235907
1536	2.6427983	-0.50498109	2.5140869	765.99648	1.9326314	1.888029	-0.12731359	0.057799553
1548	1.4040136	-0.032029157	0.36540993	1108.1288	3.628772	2.4054848	0.55451677	0.13902806
1561	2.1132379	0.14390924	0.6031779	281.25799	1.4066634	1.3323948	-0.071858025	0.25423246
1565	5.065992	0.1265409	2.3061831	133.20377	1.4082744	1.2130956	-0.10744524	0.0016472954
1567	2.0999546	-0.39507036	2.5478134	573.9729	1.7311553	1.5119953	-0.011938611	-0.040002137
1571	2.2475212	-0.4652587	0.26305959	685.16058	1.5468738	1.5358203	0.053186127	0.14713681
1583	2.8255455	-0.20780154	2.7553613	252.87445	2.4227696	2.133288	0.012038627	-0.0073567496
1584	2.1241873	-1.008386	2.5002177	682.19688	2.6310224	2.0370248	0.15766528	0.040344095
1586	2.8454484	0.45729695	1.186721	538.17249	2.1165144	2.0982085	0.32888524	0.016291518
1590	5.8650421	-1.1335024	0.81738826	356.58037	1.9710789	1.2931323	0.039811857	0.11901684
1613	2.5893758	-0.22713025	0.32904342	688.60608	1.9520128	1.8202357	0.085689682	0.008498219
1616	3.0973606	1.25063	1.9427592	496.7771	2.9485899	2.257382	-0.50231956	0.30192592
1627	2.2247078	-0.93296318	0.71432233	335.23655	2.6480035	1.3819556	-0.036673294	-0.1035362
1628	3.758324	1.1568703	2.7428007	419.58913	2.5231029	2.4422927	0.26012683	-0.15432581
1632	0.35003558	-0.36817553	2.9710712	101.80346	1.37842	1.3503636	0.21279012	-0.10312569
1635	1.558052	0.5771233	0.73504983	356.25262	1.6872893	1.6424311	0.0084166639	-0.21805764
1653	4.6790763	-0.65114072	1.2039284	261.90031	2.4611329	1.7282933	0.25487181	-0.0015236548
1661	1.2233969	0.33322751	0.50364811	344.11055	2.2892728	1.2835603	-0.071400747	0.18444356
1664	0.21272735	-0.24837043	0.40391921	402.06479	2.1231412	1.9448665	0.048614767	0.079082981
1665	2.4882165	-0.79690327	3.0221582	1201.517	2.0022802	1.4686764	-0.24898861	-0.0012184337
1676	2.4240731	-0.20109683	2.1039967	428.50503	2.1639444	1.5322523	-0.15976647	-0.014190756
1679	0.15688496	0.32872497	2.6143511	304.72806	2.3650915	2.2710711	0.02349974	0.22291102
1700	1.3558428	0.090188656	2.4303548	447.06429	2.5324668	1.419295	-0.17288273	0.22244447
1702	1.4209281	-0.055972593	0.8248052	503.35135	2.8852978	1.6033724	0.1332204	-0.21776401
1718	4.2621913	-0.16697833	2.4136341	724.57137	2.141039	1.6248001	-0.016898833	0.093593135
1731	1.3875595	-0.43402528	0.76572459	596.09443	1.5042892	1.4544542	-0.042011979	0.057302048
1763	5.9125699	-0.53279142	0.52352679	186.8364	2.5098488	1.7670486	-0.17521979	0.074355079
1767	4.4500924	-0.04560966	2.4702528	146.45198	1.3620186	1.3154936	-0.21035449	0.28525938
1772	4.1788288	0.19479726	0.57729888	691.28322	1.4395321	1.4376308	0.24707941	-0.037105968
1781	6.0167988	-0.34337373	2.3996726	322.52231	1.7941365	1.4415159	-0.24916819	-0.21242595
1782	4.0296494	-1.1420718	0.86072869	939.21617	2.0212668	1.6490356	0.035030815	-0.071148674
1788	0.90988734	0.49588566	0.53688078	372.04875	2.8669611	1.9768676	-0.26148614	-0.16970204
1791	0.99848835	-0.11539904	2.6879434	165.21709	1.6619428	1.6515593	-0.23498892	-0.062840392
1812	3.2328885	0.90208913	2.6319157	375.43935	2.6464872	1.7816792	0.12020314	0.20699464
1819	6.0834856	0.95313662	2.3782441	190.8985	1.8301483	1.7012024	-0.0038335254	0.13628554
1832	5.7689517	0.67506711	0.86349256	571.4049	1.7860224	1.4993941	0.058413725	-0.11563593
1836	3.807421	0.46045812	0.60916471	418.72169	3.0133139	2.8052723	-0.20901118	-0.039195908
1845	2.1382814	0.20222551	0.55617585	502.58498	2.8483703	2.8227836	0.46341028	-0.05416354
1850	2.3798796	0.51502864	1.1574044	405.77116	1.3353776	1.2835688	-0.020195283	0.095207747
1854	5.4781417	-0.70068447	0.69998634	333.38655	1.9016666	1.4148317	0.011153935	-0.14077344
1869	3.5223548	-0.48989546	0.54954247	1178.8609	1.8679093	1.6200386	0.07159716	0.011356017
1870	0.57255414	1.1255103	0.32884682	437.41279	1.9808441	1.4433515	0.17467697	-0.0035299804
1887	4.7309415	-0.44135823	0.79298026	6292.339	3.5148603	2.6969894	-0.030536088	0.050916308
1902	3.483153	-0.64657671	2.4054942	627.51576	3.0131089	2.7125721	0.028337428	0.13346947
1903	4.7909521	-0.69679882	2.9122539	987.67339	3.1877487	3.0986508	0.70707009	0.39801009
1915	4.0396711	0.38596362	2.5912285	387.55772	2.9227023	2.1246873	-0.16585921	0.05022412
1922	3.3752218	0.38188434	0.75814954	89.952231	1.9527919	1.8251347	0.0071597368	0.040797935
1923	2.9179867	0.6447909	2.1362559	490.2182	1.8196732	1.7199787	-0.015949132	-0.049260955
1931	1.6555864	0.64643577	2.8388616	524.19021	3.1138333	1.772206	0.030107613	-0.2490336
1936	0.82030077	0.16715283	0.85012693	286.93987	1.7291537	1.5477843	0.015517019	0.029417248
1949	1.1500795	0.16358535	1.1809745	197.32515	2.2162035	1.8074416	-0.12035725	-0.089809077
1952	5.5636729	0.59280245	0.3985073	749.09494	2.2065236	2.0704656	-0.043671332	-0.095687141
1955	2.3231782	-0.59197187	0.16855051	782.9402	2.5230755	1.7955431	-0.028868757	0.064521739
1969	1.8346879	-0.49782642	2.2768118	1244.6988	3.2199027	2.252038	-0.38076918	0.32155367
1996	1.5301963	0.77900807	1.0580793	393.24776	2.0978786	1.802416	-0.14651859	0.1208226
2008	2.0467384	-1.0602213	0.33669991	653.28223	2.0737573	1.9894607	-0.015488089	-0.04938349
2017	0.41776257	-0.55700639	1.5246296	2013.643	3.7881376	2.1944623	0.21759477	0.0048159967
2029	3.1177307	-0.57685072	2.5878992	340.6022	2.6845515	1.5569854	0.52987062	-0.30975119
2040	1.9604612	-1.4076519	0.85675844	595.254	1.9837253	1.8953799	-0.084533944	-0.030040611
2073	0.60211186	0.008694503	0.41791791	351.47986	2.6994264	1.5896406	-0.26660864	-0.041452377
2074	0.4658856	0.90724728	2.3914575	146.07143	1.308083	1.2438158	0.095111403	-0.14076638
2077	3.0596787	0.1198321	0.31662521	366.04412	2.0303246	1.7155768	-0.0010477346	0.13329498
2081	6.1715682	-0.072833081	0.25556606	1185.3212	3.053948	2.4380365	-0.13530276	0.0079629971
2086	5.8272153	-0.10427357	0.20193741	282.12804	2.4690876	1.222759	-0.2971033	0.29325853
2091	1.8025028	-0.89318923	2.9398608	401.44601	1.9418706	1.5274233	0.0050970182	-0.06557531
2093	1.9006098	-0.12019673	2.4448483	445.36604	2.6055369	1.4596175	-0.065309972	-0.067942482
2114	0.1624578	-0.061242623	2.6396193	321.82795	2.1554443	1.2708003	0.24563037	0.14275074
2124	2.0609693	-1.1399578	0.50414087	566.76955	2.1657186	1.8276118	0.2605493	-0.09031971
2128	4.9440559	0.4746064	0.22828399	539.27463	2.1769777	1.9652871	0.35794854	-0.047175963
2133	3.3235051	-0.87810191	0.65366457	751.3918	1.9503254	1.7836737	0.16586053	-0.25088078
2135	5.1987448	1.1603895	2.9754145	679.6256	2.3160056	1.8232684	0.042023045	0.15334626
2157	3.4529432	1.0188037	2.5195036	368.22903	2.0179149	1.3247303	0.05600285	0.071084999
2159	3.8800458	0.05895491	2.5211609	317.01091	2.7613096	2.7000541	-0.49778353	0.24424882
2162	0.93397664	-0.64833164	0.94195446	282.74032	1.6405868	1.4130906	-0.014576078	0.25908232
2164	2.3567107	-1.4343857	2.1994987	315.71514	2.3521645	1.7346129	-0.033079387	-0.043700885
2173	0.71533463	-0.104424	1.9293046	432.46464	2.1219281	1.9236436	0.11182393	0.074678049
2191	1.7060581	0.42864084	0.56431223	349.62023	1.5709556	1.4447555	-0.20102498	-0.11024404
2195	2.0949693	0.003330386	0.1205266	592.14689	2.4084724	2.3258713	-0.012265049	0.12670997
2215	1.9435836	0.532535	2.9811649	146.95128	1.8599815	1.7116788	-0.19977505	-0.38066172
2229	3.6775475	0.47038245	0.83532747	352.18919	2.8925404	2.5771396	0.25919665	0.0048615443
2235	5.8018064	-0.37665511	2.2734345	151.5367	2.0234717	2.0150603	-0.2144846	0.022241732
2244	1.595063	1.2187289	0.46948486	1300.4606	2.354361	2.3266414	-0.0088901475	-0.0140597
2246	4.2176037	1.0256998	2.5155717	653.16591	2.7661205	2.0492803	0.06455687	-0.026959667
2247	3.6759393	0.38201836	1.6598298	578.34233	3.0319256	2.2083572	0.35264971	0.17059424
2253	1.5795805	-0.86512482	2.2731151	1025.5441	2.530668	2.1436485	0.071737449	0.072124823
2255	4.1503919	-0.26986597	2.7430002	376.17815	2.4435363	2.3833789	-0.085426078	0.1549109
2257	6.0113359	0.32939432	2.6416439	312.15971	2.2432377	1.5413466	0.021030998	0.0089386516
2268	6.2748242	-0.59773831	2.6976696	546.53208	2.4709414	2.413023	0.012742249	-0.056599852
2269	0.37029327	-0.96733626	2.4818395	318.31733	2.851036	2.6441139	0.048736145	-0.27976914
2271	0.96688469	0.58426042	2.63326	465.61045	1.4134967	1.2977467	-0.24983739	-0.03352829
2285	5.0245689	0.41500095	2.3264252	431.48374	2.0779518	1.8617999	0.047030186	-0.10922552
2286	3.5532823	-0.43960937	1.2228163	252.16528	2.6489748	2.3937501	0.2326845	-0.016625305
2290	0.21343267	0.63731397	2.2786723	387.95083	3.0263189	1.7897106	0.014967823	-0.14991821
2300	0.15880168	-1.2628067	2.0189501	188.78839	1.4369915	1.3026948	-0.34800123	-0.038383672
2301	3.2673527	-0.10926847	0.49711938	503.54827	2.1079656	1.732693	-0.01373404	-0.032192342
2303	3.4655891	0.63173807	1.4865277	314.28645	2.3106618	1.4541199	-0.20541427	-0.064189187
2304	5.5215506	0.40207595	2.7327533	672.74017	2.1694506	1.3261827	-4.9407221e-07	0.06250017
2305	4.727563	1.4787301	1.0968685	3756.471	2.9164958	2.0032147	-0.20928197	0.13361166
2312	2.0753351	0.84447228	1.843622	360.95286	2.3237494	2.127353	0.15939022	-0.012422043
2327	5.2574154	-0.85637162	1.8025905	212.97624	1.6459763	1.4534467	-0.044438835	0.13115875
2348	1.3674682	-0.26250672	2.4183089	485.80304	1.8498336	1.8170464	-0.12986176	-0.12944629
2352	0.73072139	0.6080404	1.6847757	7446.5597	4.9102896	3.6527696	-0.11925378	0.015938103
2354	4.3730844	0.57041305	0.65335215	410.33653	2.105372	1.6849616	0.060781883	0.22775888
2357	5.2586311	0.33955527	1.4063794	54.596988	1.8060927	1.3341005	0.064957028	-0.094134732
2370	6.0564235	-0.98752005	0.50854195	411.29328	1.5384273	1.5061353	-0.27516443	0.14861255
2373	1.3236342	0.54499077	2.5391706	572.80516	2.649467	2.2657808	-0.1948713	0.018884601
2377	2.6532576	-0.91927458	0.89115629	362.5928	3.1050558	2.8819711	0.084741714	0.18302252
2393	5.9236103	0.038183589	0.51789134	634.89502	2.669717	1.8453862	0.021715807	0.17782681
2400	4.3284344	0.89201628	2.2505998	203.63807	1.6324674	1.3572991	0.032335292	0.14668482
2404	6.0658555	-0.43697737	2.6532541	741.56769	1.83536	1.5211368	-0.045323682	0.086247663
2416	2.2883681	1.0354127	2.3214265	759.57753	2.4484787	2.3249012	-0.043416288	-0.18636434
2432	5.9868279	-1.0788143	2.4300489	3044.5422	2.6672155	2.57482	-0.23991566	-0.10974415
2438	3.5250028	-0.7994264	2.2905016	266.58006	2.1845909	2.0640887	0.0083159964	-0.064001435
2477	4.79393	0.10216466	0.7601479	145.98415	1.7259493	1.3423619	-0.068499053	-0.070820947
2478	6.0361075	-0.8949389	0.57671369	262.53188	2.7755535	1.7138269	-0.22903453	-0.12246079
2505	4.4374088	-1.016525	0.53954658	311.20117	2.1868193	1.7702851	0.055810225	-0.25027376
2507	0.80804184	0.56181936	2.8289356	719.87603	2.7759361	1.7676052	0.023346289	0.020741524
2526	0.61667859	-1.0166696	1.8710863	234.99729	1.6532423	1.6379767	0.037054342	-0.021093548
2534	5.1947966	-1.0817128	0.72000775	576.5123	2.4552165	2.1309292	-0.10804298	0.045721614
2540	4.2804788	0.81394916	2.1271352	384.82138	1.9593053	1.4876863	0.040274234	-0.016247337
2553	0.13929974	1.172586	2.632746	631.46913	1.7381254	1.6279181	0.00084323425	-0.25743198
2562	3.6621546	-1.0376368	0.85611227	447.47937	3.0080497	3.0002356	-0.15169244	-0.20385218
2565	0.50065336	-0.74481705	0.62051221	830.51568	2.7752992	2.3495759	0.023313307	0.0021785119
2568	1.1971601	0.65193378	0.39412742	1533.8894	3.1000508	2.817087	-0.13465057	-0.11825402
2569	0.92100623	0.75430823	2.60021	303.72306	1.3459494	1.311832	0.034777007	0.18505883
2570	4.5574566	0.86596667	0.7508997	956.18437	2.8617459	1.9448967	0.11859384	0.19744615
2572	3.3536058	0.59962858	2.4402572	434.7779	2.5425682	2.3204924	-0.047886203	0.023213698
2576	5.7227539	-0.12869128	2.6105816	153.92963	1.8888283	1.5465907	0.047278152	0.045978216
2582	3.3034106	0.6446079	0.13107762	948.0422	2.4972935	1.6116484	0.019192843	-0.015072624
2584	2.6173649	-0.60537921	0.54551187	838.64963	2.6687696	2.2072243	-0.2520755	-0.029152163
2592	5.2612168	-0.81721192	0.74512563	1132.1158	2.4649593	2.1316903	-0.18416918	-0.059950381
2603	6.1107934	0.57836294	1.1247747	487.2189	2.7841868	1.820729	-0.05340438	-0.078307953
2614	1.8455855	-0.028277058	0.81085298	227.00088	1.8668527	1.4887502	0.045117334	-0.19219195
2618	4.5784431	0.16456453	2.9096965	312.70073	2.0232038	1.9126413	-0.08610442	0.071917137
2620	2.8901925	1.0312108	0.2777619	489.65511	1.689816	1.6539427	-0.14877449	0.080820545
2625	3.5745119	-1.388954	0.20851994	249.89082	2.4217934	1.228188	0.12755022	0.12886514
2635	0.59903261	0.54287958	1.9437635	173.74532	1.7622532	1.2234669	0.050745657	0.14129715
2644	0.19428324	-0.45352854	0.9434012	368.49907	2.4597764	2.3114266	0.0081275751	-0.19523405
2655	0.44373402	-0.73310016	2.0308254	246.15177	1.5971056	1.5585204	-0.15979627	-0.1305835
2656	4.3373519	0.60842602	0.92634627	2516.95	2.7035612	1.9039084	-0.15112953	0.19319395
2663	0.77463535	1.060617	1.3752705	7492.3005	5.1023137	3.0215993	0.036821497	0.029519398
2670	4.6176438	0.82340465	0.88709843	648.18255	3.046641	2.9942418	0.24226649	0.027861989
2677	3.3432552	0.086931381	2.0190024	175.76191	2.1548176	1.2924461	-0.030335455	0.057425706
2679	6.1292682	-0.90328058	0.72783913	268.07227	2.3774399	1.5335585	-0.029559221	-0.13691531
2694	2.2304307	-0.30642157	2.9286401	1466.866	3.4644613	3.3265423	-0.10791477	-0.13565016
2695	0.28023023	0.53336629	2.4581686	233.29328	1.2683122	1.2115416	0.0017182381	-0.30388646
2696	0.75930473	0.35246945	1.5660027	261.51083	1.7147397	1.4315103	0.1776678	-0.17059525
2697	0.81240353	0.14842276	2.4613662	526.46314	1.9967284	1.7590958	-0.010662909	-0.01346201
2700	3.4763135	-0.61609973	0.43612985	228.32431	2.1694789	2.1551463	-0.02467033	-0.1701759
2718	5.9959586	0.84180758	0.28606749	369.2784	1.7879964	1.3773304	-0.22856142	0.12047741
2727	1.7447704	-0.41843567	0.30795067	349.4049	2.3082252	1.8368789	0.015555089	0.13567606
2728	5.4041327	-0.86218028	0.52020889	168.19636	2.2390424	2.2277138	0.034369389	0.087384144
2730	1.558654	-0.91694196	0.51581503	1323.663	2.485526	2.1160003	0.028851766	-0.15949139
2742	4.4408803	1.2544686	1.0526319	9213.8174	6.7656764	5.292543	-0.10966965	0.23586116
2756	5.443189	1.0010533	2.8434574	304.88896	1.8026112	1.6793703	0.13630036	0.070523089
2777	3.0010437	0.0066323141	0.75428388	622.28852	2.7061818	2.5400869	0.052329808	-0.042812716
2783	5.7509448	0.12305481	0.57674109	595.69881	2.7174678	2.3074634	0.24456595	0.21529744
2787	0.11500047	0.87490865	2.7704302	729.28257	2.9663572	2.7977898	0.51969324	-0.0079237427
2790	4.9654556	-0.2980888	3.0289941	909.35611	2.8457294	2.0231632	-0.055362838	0.072217386
2798	1.8278619	0.52475285	0.70583971	223.18994	1.9230177	1.5515047	-0.017127815	0.042980932
2807	5.3228234	0.67139464	2.7021918	483.81873	1.5551077	1.3878165	0.014380113	0.25973432
2808	5.6766608	0.57362519	2.6665884	296.66797	2.0773675	1.5740843	-0.31235141	-0.3665981
2809	3.9575667	-0.40500685	2.9175496	269.36546	2.1633834	1.5082636	0.14245919	-0.21679482
2817	6.0821678	-0.1375673	2.3895377	139.01936	2.4767198	1.7794493	-0.10920037	-0.022960536
2833	4.2573167	-0.093235358	0.38190825	402.45177	2.6043145	2.2867159	-0.098912821	0.10777305
2838	5.5887305	0.35227095	2.5854928	444.1303	2.6046854	2.2058431	0.0066242003	-0.084230964
2841	3.3542466	0.33697729	2.7567754	7530.7915	5.3851231	5.3064916	-0.15567767	0.0016199733
2850	0.4473579	-1.1971566	1.0350462	260.79232	2.7959906	2.0685992	-0.32888517	0.0093981796
2857	3.784395	-0.27096342	2.7295755	622.04643	1.7658691	1.7309046	0.0014419514	0.26761881
2859	6.2735131	-0.64370414	0.57204269	573.41171	2.5590667	1.8629775	0.0049485795	-0.12690563
2889	4.8133522	-0.82483442	1.3694374	243.06044	2.2014394	1.4994195	-0.1987644	-0.21914234
2891	3.7884541	-0.076001381	1.4775445	212.90857	1.8006073	1.7698849	0.15795228	-0.29643487
2899	2.4144335	0.24757601	0.56842889	746.02824	1.8348343	1.8126735	-0.010648989	-0.096102325
2902	4.2240724	0.75214241	2.7703045	573.64172	2.481657	1.6137764	0.0076357627	-0.33898107
2909	2.8269987	0.5688123	1.1770458	372.39946	1.8681622	1.6104568	-0.014312467	-0.055878134
2929	1.9450696	0.60552092	0.12107831	665.77027	1.8710262	1.8647498	-0.059713082	0.099457131
2936	1.6468128	-0.70060436	1.1332178	315.33227	2.6998456	2.1084693	0.86358641	0.046778816
2942	1.9742377	0.90559578	1.9246582	5329.9261	2.9060825	2.6373519	-0.037572849	0.030256185
2948	4.7014732	0.58218672	2.6419299	1106.6443	2.4475803	2.2232749	0.22714419	-0.14831419
2950	1.4289458	0.40482866	2.4401832	198.22181	1.6149968	1.3833056	0.010927272	-0.069722574
2951	5.7820782	-1.2872446	2.4579535	403.85709	2.1972687	1.4645871	0.037000423	-0.018969426
2960	5.0590121	-0.13295316	2.3143848	202.41059	2.1243683	1.9536282	-0.032611456	0.032784481
2971	1.0863171	-1.3747837	0.29317299	839.32977	2.7755061	2.1522069	-0.11043284	0.12321678
2976	2.7202497	0.82789755	1.8628671	390.52945	2.3947337	2.3086182	-0.23288639	0.12644367
2981	1.0449098	0.91278209	1.2310914	389.91962	2.0965613	1.8868546	-0.15771307	0.09070891
2993	3.8863079	0.9198891	2.2069249	257.14495	1.8546525	1.8405857	0.093626727	-0.030689406
2997	3.8158105	0.067201117	2.900882	554.55141	2.6254451	2.0488305	0.046695538	-0.070792129
3005	1.4001808	0.6716376	2.0817718	272.73197	2.3723504	1.2886993	-0.068619519	0.052555816
3012	3.0328347	1.2674505	0.091690376	264.6027	1.5293495	1.3781479	-0.31490391	-0.084258898
3013	3.04344	-0.26061755	0.12700497	208.52926	1.4134086	1.2733867	0.089385966	-0.012505695
3021	0.038996073	-0.12173518	0.58576128	312.27781	2.1461709	2.0692904	0.15213973	-0.0072485947
3026	1.091807	-0.32711823	0.65140238	266.0299	2.9009919	2.6276357	-0.17709711	0.21341418
3030	1.827616	0.8935919	2.2778731	277.22539	2.1708997	1.5787806	-0.14337395	0.080069312
3046	3.3124171	0.96149206	0.42731321	427.19191	1.4395031	1.239762	0.22059783	0.0088265758
3055	4.38138	0.44762532	0.68327208	252.01176	2.3361077	1.6605914	-0.10870164	-0.036873592
3061	5.3483157	0.021728665	2.5367324	232.17346	2.2205701	1.1398163	-0.13610468	-0.047756651
3081	2.7443823	-0.35033801	2.7549409	609.6244	2.7422806	1.444159	0.12169449	0.038183344
3084	4.2954803	1.4231173	2.9031552	354.17053	1.385621	1.3678638	-0.12019427	0.16173317
3087	0.27323478	-0.52040591	2.0895913	307.57292	1.8320635	1.309166	0.14642752	-0.010317707
3089	0.24136918	1.3174976	0.57472626	773.60312	1.9969141	1.8783909	-0.071410144	-0.11511698
3090	5.0200071	-0.73069027	2.3464154	129.26208	1.4207062	1.291336	-0.010224085	-0.085524144
3092	6.2174784	0.68551425	0.077317561	637.89106	2.4812951	1.6279818	0.30213328	0.0007631514
3105	1.7485246	0.45022631	2.7417183	455.77792	2.7838478	2.7836318	0.039920254	0.12932498
3134	5.5776044	0.31782962	0.38221113	822.00498	2.6081797	2.1011847	0.098441867	-0.13426036
3141	6.169275	0.44775865	0.55279698	123.39585	2.6488758	2.2042814	-0.088988051	-0.15232825
3144	4.8146089	-0.18003489	2.9095497	667.9631	2.9695351	2.9369899	0.018130488	-0.017101837
3148	0.72449459	-1.1197404	2.4745977	393.04218	2.3647609	2.1236798	-0.088526108	0.095767269
3163	4.8453858	0.8303618	0.50073082	412.6703	2.1790413	2.0784385	0.13823216	-0.057132984
3170	3.8124317	-1.1215247	2.5786463	5956.6136	4.9120985	3.6043305	0.067262004	-0.079017501
3183	4.9483805	-0.86574926	0.076874384	697.26128	1.9803861	1.3480337	-0.060751108	0.030795702
3243	1.0635711	0.11237556	0.81747414	700.12614	3.0027506	2.0669158	-0.05780441	-0.14224528
3245	1.1479004	0.20274052	0.46611601	576.66601	3.0849799	2.389158	0.36343094	-0.020264481
3261	1.1575599	0.73737674	2.2627191	306.9974	1.6556249	1.2673512	-0.14773194	0.12048393
3265	4.6941615	0.22125918	2.5043594	535.19083	1.6880214	1.6535762	-0.037438798	0.019265065
3275	0.3603589	0.23690539	2.2797495	57.210867	1.7398427	1.7227794	0.11383511	0.055585654
3282	5.8537463	0.1673543	1.9387548	330.8946	2.4100367	1.5072835	0.20705734	0.13271813
3283	4.5585745	0.072845463	0.54674102	371.68381	1.7337746	1.3988587	0.26732998	-0.32098984
3284	4.226712	-0.10512352	0.89222305	148.94729	1.6047245	1.435306	-0.016185372	-0.00067014075
3288	4.5570618	0.26137787	2.3647672	542.64897	1.8117036	1.443753	-0.002151092	-0.012767066
3294	2.3702523	0.37935797	0.48586553	901.26756	2.6091746	2.1122425	0.13464626	0.12057851
3303	5.6872941	-0.43065824	1.4395843	183.09298	2.5375502	1.3285838	-0.101218	-0.033599688
3307	2.1492623	-0.41103914	1.9775568	375.86049	1.9575111	1.8892919	-0.12874895	0.066161692
3314	0.0251977	-0.85344091	2.3070993	138.61213	1.2500921	1.142701	0.060083721	-0.083190129
3320	3.8513496	0.76161997	0.079786973	961.61871	2.1458164	2.089702	-0.034385517	0.13282207
3333	3.6845846	-0.40360489	2.5388099	759.28629	2.3383523	2.250213	0.15224748	0.27914974
3337	2.1676802	0.31491608	2.1286706	351.32933	1.9808514	1.9108582	-0.020538039	-0.17369384
3339	4.1386094	-0.064657974	2.3812182	229.01523	1.8574593	1.3667822	-0.0056137699	0.0045694528
3344	2.110974	-0.3606824	0.65702184	238.50671	1.5782018	1.248083	-0.0012072102	-0.015472684
3352	2.2887677	-0.39961209	0.63076618	509.10324	2.077206	1.609341	-0.018532471	-0.014191206
3353	3.4999306	-0.58717061	2.4863021	259.26514	1.2666846	1.2388739	0.13343263	-0.3194536
3357	2.7765601	0.057069985	2.232388	5530.1315	5.1408901	4.3960474	0.55872015	0.088662512
3359	2.0788976	-0.2318644	0.98781035	324.59962	2.5508652	2.2674722	-0.0383326	-0.25477313
3360	2.9128493	0.15843033	2.1638162	477.11229	2.9315186	2.0571562	-0.57900707	-0.11910529
3365	0.8514313	0.53769054	0.68768939	704.39361	2.4558239	2.3593176	-0.28526595	0.00051901404
3383	1.0923481	1.1909274	2.5863447	556.29259	2.5062108	1.8532422	-0.041541345	0.002646836
3398	0.50677361	0.87755074	2.2277324	534.38691	2.030274	1.8148385	0.00073436377	0.19699527
3401	1.450573	0.30272779	2.5975659	242.17014	1.8750573	1.8640267	-0.0046033601	-0.033063976
3409	3.0292448	0.98308207	2.4729979	268.05137	2.2508362	1.6409636	-0.078839186	-0.0030975728
3414	5.0979256	0.68267848	0.50936063	248.33241	1.4669722	1.2486265	-0.04228188	0.17794272
3417	4.9914301	0.50666639	0.2167517	311.91373	1.7498934	1.3158006	0.039535074	-0.15008923
3431	2.5056269	-0.21934955	0.94688291	556.98521	1.946768	1.7792925	-0.20948948	-0.017063373
3432	5.236917	0.84923673	2.1052533	233.82093	2.0402468	2.03778	-0.22339938	0.11136328
3439	6.1957621	-0.36117238	2.699282	567.62102	2.1870732	1.6595216	0.0095881765	0.13078041
3468	0.18607916	0.25993657	0.74423163	1381.3467	1.5345676	1.4990905	0.013868518	-0.075764565
3478	0.6795858	-0.051769169	1.9525122	268.51197	1.6217333	1.4159578	0.22704166	0.0018249236
3490	5.1594023	0.12420135	0.67433118	651.36454	1.4205854	1.3943548	-0.049849885	-0.121824
3491	4.2254465	0.11751889	0.52307895	239.96123	1.693227	1.5693533	0.059713114	-0.08006892
3495	0.4739168	0.43277246	1.7478696	6569.6953	3.6280006	2.9978058	-0.065526734	0.050280162
3502	1.1213028	-0.87968434	2.7309938	253.60436	2.5678558	2.3171726	-0.27511502	-0.15518718
3527	5.5433115	-0.81866373	0.58823865	676.89704	1.9695138	1.9469093	0.23507717	0.058690611
3529	0.51649983	-0.5194668	1.1413204	6521.8345	3.6849032	3.2476328	-0.082296534	0.024126466
3539	3.3903664	-0.52777188	2.4987637	443.60113	1.65786	1.5951609	0.28467671	0.10845695
3544	3.9801213	-0.99151438	2.1973362	183.34854	2.029621	1.5305667	-0.013837468	0.13911687
3559	0.028958348	-1.0025063	1.0911156	369.6344	1.7708497	1.3149555	-0.10406421	-0.12564797
3565	0.30710396	-0.79716181	0.78270698	236.66818	1.549449	1.4309902	0.046620247	0.16766174
3590	5.8873758	0.76013408	1.1296629	158.46028	2.2502189	1.7026194	-0.049908676	0.19842877
3594	0.64881806	0.78418061	2.5583712	811.16999	2.0630015	1.9814073	-0.16245635	-0.0034246773
3605	5.7329373	1.4623043	1.1852796	292.83531	2.8454918	2.1855728	0.30903386	0.11605964
3606	2.7263193	0.89747693	2.4025763	4569.5117	3.3364056	2.7975975	-0.042962579	-0.0049161094
3611	0.11159166	1.0737754	0.85038233	354.38939	1.7054021	1.6913646	0.029865962	0.069161368
3612	2.2332123	0.22492644	0.37236076	971.69511	3.2687457	1.8763488	0.03081704	0.05031043
3618	0.14063192	-0.22116013	2.7836798	339.95481	1.4884311	1.4760796	-0.048899959	0.02723302
3624	4.8433225	0.10960918	2.2471057	372.84261	2.8419414	1.5484602	-0.084146057	-0.00036289454
3625	1.1723171	-0.61172457	2.5956019	1241.4303	1.9221863	1.8131299	-0.08303326	-0.13617254
3635	3.2384297	-1.3319403	1.6564629	3577.7713	1.986534	1.9226615	0.024352538	-0.04572468
3641	5.5098806	1.2953886	0.56342772	575.1767	2.6873275	2.6025028	-0.055758771	0.044605108
3661	4.8777859	0.72487877	0.63878696	586.91552	2.1829436	1.7737801	-0.085864605	-0.12075088
3677	4.352725	-0.20932182	2.475205	230.62158	2.1391146	1.8013661	-0.00030795157	0.15575893
3696	5.4516978	-1.3275621	0.79256364	466.18575	2.466947	1.5885369	-0.12084962	0.0076012391
3701	3.8925258	0.57274759	0.73167692	772.19107	3.1018157	2.982595	0.36810404	-0.030932469
3726	1.1237531	-0.301374	0.022640352	1397.612	2.3508771	1.8221413	-0.02388294	-0.072074519
3727	0.74217184	0.32661909	2.1932527	548.32402	2.4137354	1.3093599	0.13973373	-0.02943122
3729	4.8679155	-0.18736236	0.28684741	761.61922	2.613625	2.4112705	0.0037270174	0.16542121
3732	3.3067192	-0.74279307	2.7847321	559.95665	2.2066842	2.1124789	0.25451544	0.0052840808
3739	4.2953951	-1.3334299	0.67857204	371.72388	2.1878573	1.4785176	0.24342821	0.030168278
3747	5.7848771	0.32373763	2.585375	430.29785	2.6899317	2.5960047	-0.21921511	0.1788825
3761	3.1303417	-0.91160218	2.9514072	3788.3598	2.3658336	2.0127689	-0.080356599	0.036485538
3765	3.9733508	0.7470468	2.8375454	501.29935	2.6484955	2.4292506	-0.18168573	-0.0020671112
3776	0.077548815	-0.45927487	0.076843292	354.77976	1.8584714	1.3644888	0.12692829	-0.18631349
3777	6.0894067	-0.57253996	2.0929443	146.44325	1.9062157	1.344496	0.14749006	0.14755256
3779	1.5089599	0.73752868	0.17954171	1165.3242	2.5467028	2.0840904	-0.11856179	-0.27276699
3780	2.3838292	1.3202593	1.3262538	239.81267	1.6673407	1.2730775	-0.044555067	-0.00045248836
3792	5.2875358	0.091639686	2.6791434	356.96015	1.8397742	1.4575328	-0.041616251	-0.027961652
3796	5.9953196	1.1477781	1.8667036	181.69318	1.419167	1.2847466	0.13439219	0.11058278
3802	4.7658221	0.90961017	0.86144146	135.49758	1.8706774	1.8696098	0.0069014701	-0.0030076642
3805	3.2630706	0.53286011	2.0315102	152.29267	1.8344766	1.6465825	0.11419321	0.03708655
3806	1.4518982	0.71454263	2.3525424	646.80863	2.3842582	1.5663688	-0.16081239	-0.098899544
3815	6.1005144	-0.84514363	0.48313919	880.96586	3.2479895	2.4582712	-0.13288438	0.010795516
3817	5.8315751	-0.85885323	2.4779801	1015.2783	3.191152	2.8093532	0.40783559	-0.1197877
3832	1.7061291	0.16231165	0.8685675	284.03134	2.0308097	1.8157002	-0.058383769	-0.18188992
3837	3.1259537	-0.72964632	2.4426045	261.65802	2.1839872	1.9550718	0.0048863817	-0.0017633292
3842	4.2654313	0.22682532	0.45068001	973.47077	2.7955443	2.3576626	0.0026527366	-0.11305576
3843	2.4435086	0.56302952	1.1362373	197.58663	2.6379472	1.4985049	-0.022769429	-0.21439823
3850	1.0669265	0.69035357	0.97502528	503.99919	1.5864387	1.2893656	-0.024691124	0.033219293
3853	4.0412368	-1.1126112	2.8002949	487.89125	1.5040771	1.3720226	0.074749799	0.013372676
3854	3.6245977	0.90728988	2.4835798	538.50296	2.5414947	2.1146255	0.00029093025	0.021679219
3856	1.8325832	1.1408107	1.5128762	199.84215	1.4050973	1.2741016	-0.12070162	-0.053804622
3862	1.1545102	0.32127309	1.6381424	374.70766	2.0222267	1.8099617	0.2261525	-0.1932525
3875	0.80982434	0.12011835	0.49566862	221.03823	2.3100122	1.5275169	-0.096713328	0.0088189489
3889	4.1621538	0.59041995	0.56475627	314.62685	2.406454	1.8892356	-0.096602272	0.00017085408
3894	0.78003088	1.1178031	0.59753235	654.10948	2.0671318	1.7890284	0.23607348	0.0012186761
3898	6.111403	0.8771417	0.58393834	270.32788	2.4225793	1.5186585	-0.0084627117	-0.17945175
3904	4.6340165	0.20400417	2.3230796	590.51045	2.6498441	1.8954563	-0.033441621	-0.031051435
3915	4.3446487	1.1153868	0.26931601	698.13932	2.7355157	2.650625	-0.074740495	0.066417855
3918	6.1161199	0.25967526	0.4539339	324.92243	3.0508302	2.2679814	0.019878566	-0.2007733
3927	4.63031	0.089359265	0.30025359	381.13505	1.4236199	1.2666012	-0.23475441	-0.17486009
3929	4.8315971	0.37076052	0.48345173	73.592894	2.134564	1.2026572	0.30297765	-0.005969891
3933	1.2176255	0.47774108	2.4158976	263.90334	1.8713297	1.2925573	-0.2278619	0.2169776
3955	3.8085556	0.52344601	0.78067081	377.32115	1.9866633	1.8749393	0.184044	-0.15010671
3959	3.0001785	-0.72685205	0.089574597	897.32002	2.5731116	1.6120003	-0.10748994	0.075578832
3980	0.94264789	-0.25161489	1.0617539	3831.6326	3.5911278	2.0858657	0.0047313792	0.076126975
3991	3.5329258	-0.85538163	1.9916691	126.45798	1.2519865	1.2493269	-0.00058581028	0.016024106
3996	3.4732477	1.2902223	1.8070199	123.80085	1.6365399	1.5058555	0.13671269	0.27144138
4004	4.7230291	0.82785624	1.5318395	148.12499	2.0511662	1.2521547	0.040754281	-0.043484406
4006	4.9047572	1.2244642	0.36481128	532.1892	2.685756	1.3860823	-0.16556134	-0.013440783
4013	1.1040024	-0.88310035	0.2558785	5382.4041	3.7503589	2.6258016	0.028519041	0.023064088
4025	3.7851281	-0.98436024	0.41366292	542.41556	2.1128623	1.5638088	0.032341617	0.025328652
4026	5.259609	0.84438703	0.52681903	331.91985	2.0095601	1.4523153	-0.059193844	-0.21238332
4041	2.0743979	0.79180399	0.86985775	184.17142	2.4590748	1.5180677	0.0098410618	-0.032017914
4042	2.0940066	-0.10035688	2.847795	446.03505	2.1519069	1.8984792	-0.12548954	-0.24449038
4050	1.1766675	-0.88652163	2.3922629	434.96983	1.915425	1.9126805	0.18159716	0.10294363
4052	5.140268	-0.42019075	2.5171237	399.34103	1.3859647	1.3588703	0.162221	0.26503013
4055	6.0636713	-0.70811941	0.15407743	185.33522	2.4958077	2.0197482	0.35994703	0.0220052
4066	6.1039854	0.37229371	0.75275562	189.28847	1.3071771	1.2974046	-0.20306516	-0.13701211
4067	3.8235475	-0.46404661	1.264451	322.39855	2.8157162	1.6713681	0.24101814	-0.06540774
4073	1.010706	0.46286356	2.0316803	393.21452	2.0833892	1.982935	0.068119693	0.078724829
4082	5.713036	0.99363239	2.6737409	555.56819	1.9378701	1.86403	-0.15025275	0.085160833
4091	5.9846342	-1.3269434	2.3378311	326.00617	1.9364245	1.4360365	0.21063779	0.19975286
4092	0.52780063	-0.81544975	0.6593383	393.83778	1.4742304	1.4409497	0.027643212	-0.10323719
4096	3.5811955	-0.88048802	0.37161842	656.60032	1.7429854	1.5625551	-0.052563699	-0.26469796
4107	0.057124403	0.22082653	1.106867	1779.3101	2.400728	1.5380003	0.31405966	0.015874457
4111	0.25219339	0.38111167	0.67783788	488.9359	1.9330078	1.4784172	0.032116547	-0.031466777
4114	0.48892136	-0.28778849	1.4023138	239.50636	1.5875855	1.2930796	0.048592255	-0.22678554
4120	2.8624699	1.1898758	3.038789	1194.3967	2.5714353	2.511966	0.15569056	0.0039644351
4130	0.84669973	-0.40337177	0.59575305	601.46808	2.1577137	1.8846123	-0.0061874977	-0.042614109
4138	1.521299	-0.3419864	2.1941861	174.19737	2.3499621	1.5815438	-0.042126044	-0.06472081
4154	5.2391451	-1.3762359	0.52012663	315.27875	1.6995391	1.2791121	-0.13830727	0.011090233
4155	3.4607829	-0.65042496	0.71415192	711.4095	1.8997681	1.5100921	-0.046855201	-0.1203794
4181	3.868923	-0.51051495	2.7159078	899.60494	2.958883	1.9988035	0.064494984	0.036099947
4192	0.9654514	-0.28699296	0.23375257	595.19656	2.3708155	1.634805	0.044286305	-0.068438509
4200	0.38040081	-0.89353286	2.4545684	412.74098	2.2681373	1.9321164	-0.16707943	-0.23899816
4220	3.0981112	0.95509801	2.2014062	418.41369	3.0867175	1.5685753	-0.22891693	-0.23687001
4232	1.3619222	-1.4144636	0.6290206	391.96602	2.2565734	2.1910215	0.19296383	-0.005904056
4258	5.8791251	0.30970193	2.6632864	283.52945	2.5144793	2.0309838	0.023229887	0.027195892
4262	1.9028951	0.5544923	2.1630306	235.53364	2.0517016	1.9980882	-0.091197245	0.1564845
4272	5.3509403	0.63667998	2.2703354	387.22179	1.4568041	1.3219999	0.046288917	-0.010448941
4279	2.4622729	0.097478584	2.9270664	216.00891	1.7903903	1.4958247	0.045056164	0.11021716
4288	3.5267322	-0.26200895	2.7055289	614.74469	2.5213855	1.8670715	0.0545627	-0.030541815
4295	3.6315984	-0.43850462	1.6117728	539.92469	2.9333815	2.7662578	0.55110671	-0.26576993
4312	4.0498041	0.16835522	1.9252424	118.83929	1.9549658	1.9475829	-0.032279023	0.17015322
4317	3.3659356	-0.51532543	2.9140695	495.65596	1.9925952	1.7815006	-0.0056095109	-0.116458
4321	0.45022313	-1.0809572	1.459409	392.56611	2.082855	1.9244096	0.17535424	-0.14570027
4324	5.9307927	-0.85431821	2.4324244	611.58439	3.0084319	2.5917599	-0.77724024	0.27400778
4335	1.8657191	-0.77191166	1.6985597	400.20575	2.8857608	2.4931165	0.083309367	-0.054440925
4342	1.0351946	-0.52505448	2.5940963	161.74524	1.6480756	1.2568335	0.019911422	0.0026076621
4345	4.5483751	1.3921488	2.4814447	702.78057	2.7313408	2.6518869	-0.20455568	-0.33675883
4352	0.56176879	0.44365354	1.7125417	4995.2911	2.8914441	2.2238671	0.041171795	0.050408813
4353	4.3140167	0.54304834	0.96083533	336.60713	1.8358003	1.528327	0.13894986	0.043921813
4354	2.5172505	1.2706647	0.31597632	1009.3767	2.9036271	2.5125903	-0.10597136	0.094753413
4362	1.0334248	-0.19423854	0.18115168	279.77491	2.0857142	1.4062368	0.19393119	0.0026723085
4371	1.9452875	0.79773721	0.92811706	364.86582	2.1020338	1.661017	-0.12836674	0.10987921
4372	0.52886956	-1.0294383	2.8743569	647.5528	2.1713567	1.8473208	-0.089298338	0.3172588
4391	5.1345303	0.28801032	2.844414	123.62591	2.0849166	1.1642019	-0.051188991	-0.028532282
4394	4.1714014	0.16685018	2.8206226	315.58799	1.3358187	1.3078023	-0.14453846	-0.031332519
4410	3.108803	-0.27194577	0.28694057	104.78898	1.7850353	1.466708	0.07239502	0.003590265
4416	4.8997582	-0.35973964	0.73316968	501.18457	3.1941037	2.2708791	0.31572275	0.056062221
4422	5.415534	0.42053177	0.43822878	464.88869	2.2275402	1.6118623	0.23928798	-0.027425538
4426	5.5316993	-0.58082754	0.58239979	563.08336	2.8326402	1.7897716	-0.37705418	-0.092211132
4430	2.9667447	-0.34141167	0.34931285	697.54946	1.6203023	1.4871834	-0.039200549	-0.013035945
4435	3.3864537	-0.49771376	2.450581	431.84688	2.7205045	2.2845431	0.059831148	0.17654541
4443	0.22829196	-1.0336741	0.66708061	547.64556	1.4705057	1.4353959	-0.033242184	-0.018562522
4463	0.56990809	-0.6314844	2.2243054	433.31401	2.4370763	1.8889166	-0.11457595	-0.028906442
4471	0.32000721	-0.63491096	2.8971106	463.73626	2.2796514	2.1027273	-0.17591678	-0.048834897
4489	2.5855594	-0.80829067	2.1570918	1233.9466	2.8052991	1.8641726	0.21655484	0.00074180748
4503	6.1407757	-0.14510876	2.88556	595.25267	1.5325472	1.4983596	-0.0056134741	0.077011855
4522	4.8699555	-0.507235	2.591544	1676.6004	2.6903542	2.5172843	0.032722203	-0.26164377
4524	1.5272665	1.0584148	0.6956806	874.90634	2.9186212	1.8704411	0.08639172	-0.021925088
4526	1.400642	-0.39896224	0.47499642	365.63108	2.7604762	2.4477082	-0.057502436	0.02142087
4528	3.0516512	0.71416832	0.20465482	496.20365	1.7805646	1.7244361	-0.14104193	0.09890734
4556	5.1321599	-0.60202745	1.3859576	131.34722	2.6486229	2.4192827	-0.11730658	0.0016034473
4564	1.9159718	-0.82228744	1.1077869	281.41431	1.9160164	1.8312386	-0.053318953	0.066595923
4578	1.4307079	0.96796501	2.7073554	116.63574	1.7023779	1.6895947	-0.027717299	0.20269688
4604	1.1844375	0.075727926	2.8193605	765.45318	2.8252937	2.765526	0.17530048	-0.00087607543
4616	3.4908387	-0.83182766	2.2481655	297.73068	2.0154756	1.3237951	-0.005826326	0.058260511
4617	2.6046381	-0.78961777	2.063748	366.75097	1.8970658	1.3489829	-0.024390858	0.080273733
4626	2.3321133	-1.1824199	1.9025778	354.88179	1.7012489	1.456086	0.0016937667	0.0060725487
4637	4.6141097	-0.50508589	1.1619094	3774.8965	3.9555184	2.754229	-0.060366986	-0.22724867
4647	4.9830636	-1.1322356	2.1048215	243.35126	2.2788333	1.3680117	-0.028503455	0.062699192
4651	2.9183557	-0.63958247	0.83206449	425.50605	1.8716084	1.3368262	-0.087770549	-0.26922958
4652	1.4584453	0.15918384	2.4257777	467.52558	2.5802102	1.5057286	-0.26013921	0.0019565793
4664	4.0928085	-1.0566474	2.9087141	507.46488	1.5565411	1.3693483	-0.037321051	0.013626433
4667	5.2375422	0.29459992	1.8763702	193.05656	2.0330957	1.4883066	-0.10394425	-0.016131579
4670	2.6597207	-0.98854124	2.5158282	3960.2465	2.7380902	2.3165657	-0.019029941	0.029917707
4677	3.4767946	1.0628644	2.4837943	358.29582	1.9932487	1.4800176	-0.10344588	0.14662145
4682	1.3764735	0.71127112	0.43276754	737.12279	1.5736084	1.4429696	-0.067213076	0.0065046375
4699	2.933521	-0.88109771	2.6966428	539.54146	2.366944	2.3035745	0.019754966	0.037891314
4713	0.46563402	-0.74231419	2.4581028	183.6094	2.4146324	1.8615084	-0.0088719791	-0.095273601
4723	0.49026803	0.14138456	2.3692463	354.78705	2.515043	1.7979142	0.0047934174	-0.075187433
4725	4.9437108	1.0440083	0.58152756	190.0063	2.1733574	1.9484806	0.013670095	-0.0057166515
4726	1.3446667	-0.80361723	2.1419118	235.6923	1.4075873	1.2886428	0.22674228	-0.21746648
4727	4.4500804	0.7895246	1.5236814	307.31321	1.6539492	1.4977267	0.00099595402	-0.019963604
4738	3.6050581	0.20801684	0.85832187	148.48585	1.875592	1.6752885	0.061247922	-0.054355095
4746	4.053079	0.64357889	1.6251579	468.79418	2.6449513	1.8578767	-0.045206555	-0.23629066
4757	5.9885184	0.74223178	0.99392555	337.33767	2.6737993	1.7797885	0.006865266	-0.096176311
4765	2.6373768	-1.3596939	2.4253542	3478.9125	2.1695752	2.0490809	0.13236082	0.10084222
4767	5.8727221	0.41425323	1.182494	118.64933	1.9490465	1.7005969	0.3076318	-0.3100436
4775	1.9900912	-0.64068998	0.77647082	587.23881	2.2196814	1.9038193	0.23881296	-0.0042062804
4814	4.9825042	-1.0886194	2.7933913	705.377	2.367363	2.2182801	0.076191972	0.067664192
4834	5.3952632	-0.073748654	1.0462833	307.2397	1.551132	1.5504247	0.059666758	-0.17256822
4841	5.2149085	-0.48232104	0.31624673	384.43868	1.6210674	1.4813384	0.0032858094	0.19029212
4844	6.2066404	0.74045424	0.22549025	722.80517	2.7120257	1.8941721	0.13138303	-0.021353998
4847	1.889993	-0.94893169	0.87151313	311.01083	1.4214492	1.3021681	-0.09988584	0.00012549021
4857	3.6312133	0.20804043	2.1128054	325.79051	1.5478825	1.3112141	0.093168107	0.071829149
4858	1.0380135	0.98108054	1.0140844	357.29639	2.7877437	2.5843426	-0.75537061	0.066554191
4860	1.9523441	0.48009621	0.59991814	585.08416	2.8058496	2.2298043	0.31180591	0.19573448
4867	0.64932528	-0.16257865	0.8088488	345.65452	2.588722	1.7258559	-0.042265695	0.0093921642
4874	1.8444118	0.38148264	2.9458264	509.16853	1.4981611	1.4278789	-0.0673373	-0.0058445192
4876	4.5104816	-0.63886565	1.2976334	6172.4148	5.0390524	4.4793657	0.73007738	-0.0086610426
4885	1.6181569	0.45173565	2.3026392	143.61958	2.2646522	1.9424871	0.038689199	0.015982035
4908	6.0215215	0.59982914	0.70039051	615.53205	2.6431884	2.6009913	0.33369031	-0.10132184
4909	2.5538338	0.11235045	2.7773783	581.9291	2.169967	1.4063021	0.0091097604	-0.15413118
4915	2.2040609	0.92357357	0.1962244	761.67633	3.1152136	2.5677251	0.47169608	0.10146406
4938	5.5709767	-0.60087552	0.45287553	450.69374	2.050432	1.9266024	-0.058720451	-0.098788356
4973	1.8439086	1.3103602	2.3044461	159.64354	1.827697	1.8177912	-0.11686412	0.18212206
4980	1.6238469	0.80679236	0.86775427	576.85738	2.3521765	2.0131346	0.072781149	-0.0077548239
4984	0.50167923	-0.047361094	2.2877503	265.26122	2.414596	2.0157689	-0.045013048	0.010900621
4985	3.5346405	-0.03865754	2.6575798	159.98443	1.8284747	1.3776833	-0.29076074	-0.02669224
4997	4.1286981	0.64855028	0.91805384	183.6742	1.3810439	1.3666128	-0.02186259	0.25289124
5000	6.1405432	0.10626306	2.7112264	153.93748	2.1447278	1.5384571	0.1116665	0.11411438
5012	4.3895054	0.23434631	2.0733252	360.54215	2.6066268	1.5118478	-0.046419114	0.32396688
5013	3.4192877	1.0712697	0.96461029	278.27262	2.3066687	1.5043932	0.064700252	0.046079327
5023	4.6833475	-0.39041642	2.5286352	238.80464	1.8971245	1.4044205	0.076913713	0.091758496
5038	4.5708733	0.98661396	0.56975152	250.00063	1.9625139	1.5075725	0.00067910117	0.020036246
5048	2.1840546	0.86366723	0.40695325	279.18654	1.9755803	1.3511471	-0.0099207337	-0.15726223
5067	4.5480667	-0.55485934	0.43364675	319.5905	2.105584	1.3567495	-0.12424864	-0.0081640812
5069	0.45751955	-0.56203846	2.7767165	589.80821	1.7634452	1.732584	-0.032187203	0.1220747
5083	1.7497494	0.16454487	0.27535027	668.73779	1.7044388	1.3411944	-0.0050022903	0.004055187
5094	4.5820576	0.024401557	2.5833614	221.83695	1.4488444	1.1961135	-0.11790003	-0.021970818
5099	3.6563494	0.78905431	2.5063055	374.03292	1.4913012	1.3623809	-0.13117039	-0.12504398
5109	0.045345768	0.094732064	0.94232398	419.63294	2.7333305	2.310055	-0.25819877	0.097794886
5144	1.3856291	0.23503594	0.97582492	585.76666	1.8462514	1.735262	-0.1541808	-0.062603141
5147	3.8374593	0.84740933	2.4454035	272.64889	2.0323124	1.711199	0.094342673	-0.27438275
5148	4.8932156	-0.11101226	2.1749337	275.62742	2.706622	2.0034384	-0.52615382	-0.15916998
5150	0.8471614	0.016836239	1.4195833	62.239518	1.4721414	1.421382	-0.034967113	-0.023683811
5158	0.12028456	-0.25230182	0.74000548	310.53071	1.7560975	1.3897041	0.1993975	0.045146975
5171	0.91555365	0.14069836	0.5206599	194.00601	1.3407309	1.3240352	0.018411659	0.16515088
5172	0.68681903	0.56448937	2.9413593	390.68111	2.8501547	2.8211812	-0.08690951	0.49041727
5182	1.5942974	0.57347308	2.3637358	5224.0612	3.5625911	2.1623219	-0.052835485	-0.29173209
5189	3.8026294	0.47164541	0.19055353	473.93272	2.2677039	2.0617043	-0.030111987	-0.070222965
5194	5.9698746	0.52042812	2.278338	460.92863	1.6986221	1.5901262	0.23007787	-0.15886132
5198	3.0365537	0.11979584	2.6949387	990.30451	2.3765908	2.2103806	-0.085073225	0.060577436
5214	6.1599071	-0.63943822	0.33550838	389.30477	1.375545	1.2721836	0.066688546	0.13075254
5232	4.6888494	-1.1862241	1.8828389	215.27734	1.6044449	1.3046393	-0.078154613	0.089262381
5249	1.7502254	0.53977984	2.9593793	318.01514	1.6184247	1.5905852	0.33923429	-0.083133581
5251	0.60200255	0.99116767	2.0044605	6341.3942	3.609148	2.7354007	-0.0036327186	-0.040544468
5258	1.7262706	-0.37208984	2.0340202	537.07604	2.087709	1.3110052	-0.027844481	-0.05734884
5285	4.9376827	0.63962113	1.9969658	247.8381	2.6783081	2.203083	-0.448185	-0.24939119
5288	5.7893162	-0.14168777	0.39551437	790.16085	2.2393043	2.0977821	-0.27886117	0.092216285
5299	6.1939148	-0.60819577	0.80228519	523.39973	2.3082586	1.3170591	-0.028289153	-0.022635285
5314	0.010727561	-0.78835748	2.5372298	444.66105	2.7119012	1.2774392	-0.042220511	0.22516962
5319	0.16871451	0.45081007	1.9120578	148.99063	2.2890385	1.9261398	-0.25055494	-0.048424721
5326	0.90774744	-0.093933857	0.89213624	146.06004	2.590835	2.5186685	0.083308071	0.053979963
5329	2.0741383	-0.79075149	2.5709069	690.30893	1.891564	1.7084719	0.063475256	-0.021604999
5330	0.9989363	-0.45182694	2.5613244	383.50906	1.3855026	1.2865959	0.12839513	0.093766293
5347	3.8134424	0.84787625	2.5416955	682.41885	2.603311	2.3654913	0.069703009	0.00084562421
5351	1.9315632	-0.46626489	1.632007	94.032819	2.2900607	2.1411167	0.13316763	0.077505954
5381	5.5323296	0.12480698	1.1275016	147.30328	1.7876648	1.6950871	0.10377144	-0.08518935
5387	0.27758517	0.79065031	2.8169996	737.67719	1.7274813	1.5085393	-0.053900703	-0.18207552
5396	5.5183166	-0.32147653	2.5285886	207.92498	1.3646576	1.2762581	-0.15546763	-0.038292334
5401	5.3865871	-0.37734929	2.0859418	341.36146	2.8126398	1.3974335	0.29073719	-0.018390811
5405	1.4464351	-0.92270286	2.6111923	293.80111	1.7506611	1.4964005	0.006738107	-0.024198976
5433	2.1624566	1.2283186	2.9825015	447.87864	2.0648256	1.8340813	-0.11584968	0.20014003
5436	4.6835698	-0.22726359	0.93838631	335.04092	1.3343224	1.272312	0.046758755	-0.21515
5450	2.4990223	-1.4092069	0.95609435	165.311	2.3438438	2.168537	-0.003079832	-0.26401163
5455	0.50871042	-0.75735709	0.20506541	854.80994	2.4690982	1.975653	-0.14034244	0.093727938
5459	1.1370454	0.30671483	0.32663498	1392.4661	2.5960141	1.5880958	0.041437421	-0.037233307
5465	4.9450263	-0.83502483	0.93882772	352.79199	2.9637904	2.1139895	-0.14396546	0.12970406
5473	2.8731086	-0.68476649	1.145783	2250.1561	3.3161353	2.1629353	-0.115142	-0.028149703
5485	1.3138026	0.014408374	0.72847529	452.59018	2.5352106	2.2367089	-0.14603544	-0.036404476
5491	2.1137093	0.58579413	2.4202324	283.46782	2.5636498	1.5138669	-0.3353447	0.014796813
5494	5.1798823	0.490185	2.3364326	129.49093	2.312802	1.678059	0.0089711154	-0.26333095
5495	2.229956	0.66972158	0.67780436	1261.8488	2.8630623	1.9755901	-0.18432051	-0.0014033358
5500	3.4675842	0.6296075	3.0607525	736.91765	1.3828795	1.3734693	-0.092910734	0.039590605
5510	4.0355752	-0.45265451	0.1469732	369.84715	2.5514194	2.2182633	-0.12746004	-0.031421113
5511	0.43656238	0.95555674	2.6742428	156.28247	1.404936	1.2619122	0.10598859	-0.1077331
5525	6.0845681	-1.0255965	1.6576567	313.61381	2.2736874	1.8096668	0.013833712	0.049477275
5536	6.1890789	0.83698733	0.56396163	366.27994	1.6267295	1.2441828	-0.25999725	-0.12270368
5548	3.5191348	-0.12449283	1.1546998	322.46176	2.1195818	1.8015388	0.042111223	-0.18842047
5557	1.5926825	-0.35353597	2.0305234	335.6722	1.7486666	1.6470634	-0.12265738	-0.039924887
5579	2.298828	0.45762185	0.98336847	233.35777	2.0079241	1.5666493	0.0091901881	-0.069845836
5583	3.8068109	-0.43471986	2.6467836	1872.1301	2.6474184	2.351184	-0.16031339	0.042149738
5584	2.3558659	-0.70164081	1.8325516	79.332548	2.0148854	1.666944	0.050272476	-0.21209508
5599	4.2682005	-0.10442567	0.42046966	930.52122	2.4200093	2.2599376	0.12869003	-0.068382073
5619	4.5636755	0.8794169	3.0996114	925.14177	2.2395454	1.5137681	0.0038808327	-0.023576397
5625	5.4322498	-0.15848836	1.777529	307.00745	2.8247918	2.4140999	0.40479903	0.021973243
5626	5.6695891	0.97795237	0.51610546	647.32708	2.0951344	1.5935041	-0.07495396	0.18739707
5627	0.82052025	0.68485915	2.1206724	292.74444	2.8081066	1.7853222	-0.30916262	-0.050977913
5638	1.9741789	0.35921076	2.2285184	236.87856	2.2364371	1.9014527	0.046713603	-0.00011465047
5639	6.0177963	-0.25441848	0.91578765	161.84724	2.6892907	2.1727656	0.0037065434	-0.064716666
5644	3.889126	0.079022893	2.1895803	331.30321	2.692008	2.4470723	-0.19221204	0.078239215
5659	0.20552296	-0.19852949	0.14192989	474.79336	1.7295667	1.2468778	-0.053730593	0.00065095746
5662	2.8028958	1.2497319	2.6654446	336.49232	1.4392251	1.3606736	0.36847463	-0.15011381
5673	5.0261576	-0.29184037	0.46359758	488.18792	2.6342401	2.2715345	0.19353818	0.0012809746
5707	1.4254903	-0.02323922	0.32512696	427.53348	1.9221235	1.5045404	-0.027608302	0.1705105
5715	3.7471262	-0.59585285	2.6994358	621.1143	2.4156175	2.3008632	-0.1850509	-0.11101191
5723	1.9280234	0.5966573	2.1162566	377.1057	2.6377401	2.4491598	-0.025086857	0.10585038
5741	1.7479472	-0.80507016	2.8831222	630.74094	1.5515421	1.5421138	-0.16243114	0.041217745
5750	2.0872831	-0.30361843	2.8842341	406.17482	2.3730628	1.5029258	0.12640939	-0.067029581
5753	0.26471671	-0.58824949	2.5246909	160.38885	1.7387852	1.2154026	-0.073033811	-0.019542617
5758	1.1357562	-0.64017949	2.7050742	934.91274	2.6034843	2.1258989	-0.04795732	-0.21707607
5763	3.4814032	0.61681576	0.57330906	454.56259	2.7007002	2.1205079	-0.1850543	-0.011595646
5764	2.5599826	0.20624608	1.1997083	179.21735	2.5204304	2.0111849	0.030457642	0.05396026
5771	6.219591	0.48870297	2.6642608	1299.8352	2.0290368	1.6014347	0.18825759	0.049409127
5784	1.4257877	0.79342125	2.2834774	362.25264	1.5477529	1.2927601	-0.05943517	-0.13602797
5792	1.9815257	0.4147772	0.48754433	944.6692	2.4383903	1.9033374	0.027134595	0.018476466
5796	2.6443424	-1.0927614	2.4537812	294.15738	1.5092176	1.4322213	-0.18355445	0.20866534
5809	0.71039007	0.50974891	0.91218748	363.89551	2.2774217	2.1045527	-0.033688488	-0.25700244
5815	5.0036323	-0.30081296	0.099035055	493.21247	2.6154397	1.9065346	0.11287145	-0.030100574
5833	3.7816534	-0.91800863	0.20510627	599.29668	1.8652877	1.7930937	-0.033537612	0.1470545
5870	5.4636732	-1.0435284	2.3561078	298.21705	2.6583858	1.8156016	0.052631962	-0.17430893
5871	4.2778309	1.0441451	2.8508787	205.44481	1.3372202	1.2917574	-0.2245842	0.022884986
5920	4.4023573	-0.85121312	0.83895227	545.47934	1.9154935	1.3305094	0.31396048	-0.21939516
5923	1.1974442	0.33186816	0.78298838	714.18022	1.8164225	1.2556711	-0.002015338	0.021625704
5925	4.0332794	-0.28660888	2.0502542	272.21014	2.6859834	1.8342349	-0.029988938	0.040075039
5938	6.0906358	-0.9786818	2.0192198	186.67524	1.7396313	1.5240678	-0.14454301	-0.019843659
5946	4.0715979	-0.67038101	2.6308354	468.08932	2.2716144	1.9588711	0.20867148	0.17314263
5969	0.85740393	-0.47615535	1.3498474	277.61499	1.613811	1.5149845	-0.00061431629	-0.23916708
5975	4.7947339	-0.69502457	2.9580938	432.49932	2.1404448	1.8672828	-0.15181672	-0.21775581
5984	3.3559982	-0.47611545	2.5159263	862.18444	3.1231394	2.923184	0.50413179	-0.075628722
5990	2.1945492	-0.17082987	0.65412334	341.23275	2.2047142	1.5190472	0.0059124228	0.25006465
5991	6.2337527	-0.48132392	0.53160318	326.44248	1.2759637	1.2475391	0.11807431	-0.058784695
5992	3.6889757	-1.0664877	0.81387877	148.90489	1.7997545	1.241288	0.034002066	0.0047023408
5998	4.7928404	0.90136161	0.48598917	644.53839	2.1779373	2.0220305	-0.0052147248	-0.08847973
6014	2.6441876	0.59619185	0.52100636	145.50924	1.6597678	1.4922715	0.12461801	-0.023137742
6019	5.7234702	0.56952313	0.96345124	594.19715	2.4306465	2.3295272	0.12115993	-0.14157111
6039	4.816842	-0.79070384	3.002836	452.2062	1.5829263	1.2716986	0.15237917	0.05731062
6044	5.6335241	-0.33700164	2.5464793	552.68205	2.5157131	1.8265109	-0.24586936	0.16104725
6060	2.0825267	0.23187928	2.3870041	852.08194	2.5244515	2.471899	-0.03284445	-0.083884684
6063	4.5154776	0.97004233	2.0896888	4840.8375	2.5701701	2.3218371	-0.19684344	0.067150569
6065	3.6103074	0.8655479	0.31233847	623.88877	1.980138	1.5074771	-0.015318102	0.17529578
6070	0.10597499	1.3475645	0.37438315	980.34771	2.144381	1.9597261	0.15297275	0.069685456
6076	0.27395699	-0.58187005	2.5951836	242.87714	2.1846923	1.2340521	-0.010419268	0.14502686
6078	6.2031375	-0.0062902628	0.29159947	561.29598	2.8751249	1.5364977	-0.29920348	-0.089411766
6093	5.4890432	1.0222496	1.9277433	437.45946	1.4114852	1.3001654	0.10647136	0.35916696
6103	0.67375152	-0.49574256	2.7247054	473.17691	2.11548	1.9288343	-0.21015025	-0.14787015
6115	5.7574519	0.14195682	0.62300352	334.30806	1.3001048	1.2862394	0.1494136	-0.20969501
6124	2.6525145	0.20567022	1.0321763	97.890854	2.060963	1.1759471	-0.040359776	0.13203811
6130	0.94053692	0.44862241	0.59542849	289.23968	1.7811031	1.2724153	0.010833315	0.26553459
6132	0.70691105	0.25848301	1.8129481	507.80243	2.5032544	2.4496999	-0.26027602	0.0332797
6134	0.81065064	0.75519841	2.7921412	185.23839	1.5537676	1.4836766	0.032985652	-0.093748251
6136	1.5277048	1.3900167	0.45650264	264.96436	2.6465261	1.6887672	0.29389681	-0.2126424
6151	1.9979092	0.039906209	0.9289787	145.20977	2.4553622	1.352396	0.054416398	-0.016074464
6152	0.5427609	0.53200667	0.13628501	1284.6906	2.4067953	2.2148286	-0.0361283	0.087697553
6158	1.9718946	-0.88438018	2.6626824	678.49248	3.0134985	2.9436294	-0.079349863	-0.46905409
6165	4.1753556	0.11572929	0.68633859	456.87618	2.444084	1.6708786	0.15395454	-0.074198439
6171	2.4802858	-0.62179819	1.3331361	2994.4981	2.4751002	2.1666483	0.019831869	0.18792397
6173	2.3963114	0.50803778	2.3883289	3320.8145	3.1765424	2.4215608	-0.11628134	-0.1816635
6174	5.2576699	1.4085946	0.73698094	168.70885	1.8022811	1.584279	-0.19453453	-0.028962692
6175	1.5787704	-1.1931067	1.0686541	398.496	1.6191817	1.4986369	0.034010273	-0.17881332
6177	1.7934582	-0.087751624	2.7696372	504.22265	1.7090601	1.6554755	-0.0097174324	-0.045060141
6179	1.6524265	0.59566415	2.4825291	877.00517	1.6056624	1.5432903	-0.1557188	-0.21109676
6184	3.8058058	-1.1980457	2.0963731	624.14088	2.8759289	2.3993133	-0.10684544	-0.014036861
6189	2.4623531	0.31609676	2.9185268	210.54298	1.9558971	1.5161588	-0.0012196114	-0.23303746
6198	5.9598517	1.0573526	2.1117717	309.5931	2.62194	1.3344308	0.068270246	-0.21933265
6213	1.6051483	-0.85668797	2.8247429	520.18384	2.5237526	2.1611666	-0.15778877	-0.026288972
6214	3.7995438	-1.289152	2.9221845	268.52927	2.5154428	2.0845877	-0.033683511	0.16429148
6224	1.4838606	-1.1188927	1.0142604	377.73123	2.7824548	2.6513754	0.19908263	-0.023545243
6225	5.3342278	-0.52278365	2.6155142	789.93635	2.2783402	2.2282979	-0.049848593	0.16247715
6235	2.9260044	-0.65927276	0.33168885	457.69084	2.4897227	1.7947965	-0.21022576	0.14791137
6240	4.9999386	-0.45123578	2.6000925	768.33357	2.8716838	1.6113702	0.026424052	-0.17600592
6246	2.1392185	0.2947246	2.212444	285.4119	2.3513054	2.0562211	0.00035405042	-0.0027775987
6249	1.2523042	0.68126229	1.0764373	2768.43	2.8547164	1.9550549	-0.26508207	-0.028731959
6253	0.10990379	1.1416069	0.73732549	291.25095	1.481448	1.2977396	0.075666687	0.1230388
6254	4.3438604	-0.24506585	0.73450455	300.63751	2.5998729	2.4669103	-0.33926057	-0.0099190804
6261	5.7079506	0.49237952	0.44906622	452.24494	1.8751484	1.2920141	-0.10428826	-0.01698156
6284	0.92532471	0.075986074	1.1579308	2821.0548	3.3822433	2.1593426	0.14004736	-0.17133761
6285	3.2691004	1.2333418	2.8918981	476.14622	1.8161971	1.6175874	-0.065524087	-0.0094505441
6292	4.363903	0.18213712	1.4538465	186.35621	2.7250998	2.3440471	-0.12577924	0.0011206652
6293	2.092037	-0.49706149	1.1187953	174.17066	1.726853	1.6878038	0.017056184	0.10095952
6310	5.5642605	-0.70477258	2.4179599	242.78749	2.2594388	2.1526289	-0.11232573	0.10305812
6337	3.8448365	-0.40452745	0.52440752	505.91355	1.7011052	1.6305526	0.04796468	-0.0040824167
6344	1.563286	0.12178092	0.47909561	167.00261	1.5211303	1.3104769	-0.016307142	0.028524078
6348	2.5539261	-0.42335269	0.46025154	414.55039	1.3799305	1.2879649	-0.082657828	-0.12747027
6361	0.19602281	0.53504955	2.6899584	197.69879	1.5725091	1.3651434	0.018297583	0.040264672
6365	0.095591683	-0.60917904	1.8869614	312.06065	2.611366	1.8183657	0.074643801	0.12484608
6375	0.64185696	0.81303405	0.65550415	645.49446	2.1213953	1.8028198	0.031629655	0.2043144
6384	0.89454091	-0.37971298	0.026800917	1123.9855	2.6801494	2.417412	-0.30539235	-0.0053371439
6400	2.1754526	-0.32434553	0.60051284	378.51359	2.8359027	2.1642698	0.51942495	-0.21175423
6402	2.6107088	0.34136205	1.4363267	179.62683	1.6247064	1.4223988	-0.17151224	-0.089854652
6408	5.1665928	1.0812983	2.3071369	337.58979	2.4325143	1.3011211	0.19709744	-0.0021571741
6417	5.4432955	0.2145109	0.70365599	719.41217	2.8333873	2.3644523	-0.0035334688	-0.041958371
6436	3.2472162	0.52116802	2.7008006	511.61651	1.9196097	1.8721078	0.0021493202	0.0037808652
6452	0.93197523	-0.63671631	1.1447419	2133.8258	3.3868149	3.3413853	0.0177264	0.0086600483
6462	5.7912731	-0.043434739	0.26771249	478.93826	2.9864544	2.2257159	0.26598737	-0.029230049
6472	5.9723098	0.15956381	2.8699899	336.47572	2.2371826	1.8931182	-0.081050089	0.19550315
6473	2.4618489	-1.0379971	0.38571417	305.17141	2.470592	1.4050412	0.1263481	0.039145243
6481	4.4292003	0.24157442	0.83099588	615.15434	2.3053356	1.9745762	-0.011806166	-0.13612365
6491	4.8042333	-0.79049618	2.7196187	710.84948	3.0506231	2.6533993	0.18779555	-0.15612372
6509	0.37344432	0.4014215	0.81086456	372.70164	1.6299145	1.3629098	-0.10119785	0.00095754422
6517	1.2717043	0.40217494	0.91915766	289.28917	1.6095693	1.2504346	-0.12037071	-0.015038248
6519	1.3246246	-0.88320322	0.52693422	377.00188	1.429183	1.2200965	0.0097908644	-0.0047795878
6532	2.8597379	-0.86154379	0.3412064	648.18755	2.27468	2.1343734	0.19569579	-0.0053867913
6533	5.4260324	-0.076670222	1.1733087	470.03587	1.6703531	1.4541295	0.30047802	-0.0064701315
6535	0.91259031	1.433525	0.57953675	891.28426	2.2351653	1.9246269	0.011471378	0.0029553807
6554	0.39770538	-1.0610616	1.1085027	314.4596	1.9623137	1.3975826	-0.15017238	-0.20186224
6571	0.38124332	-1.0616901	0.87817937	661.5106	3.1321278	2.1353231	0.19633918	0.0050684938
6601	5.2145683	0.72936516	1.9164517	162.58721	1.8684175	1.3081891	-0.17237335	0.042338507
6605	0.41308339	0.27840213	0.55672377	687.87967	2.9056556	2.7060324	0.017766855	0.067088956
6606	4.2119404	0.56552799	0.21877151	560.82463	1.9947268	1.8269002	-0.29915152	-0.078965359
6608	3.9014003	0.2458531	0.53026972	378.99886	2.9281441	2.761986	-0.57815189	0.5809061
6615	3.1428003	0.2951456	0.51129828	4277.227	3.9224402	3.8505847	0.063712562	-0.20025891
6620	0.63052029	-0.38476447	2.5831871	311.15171	1.578198	1.3174824	0.093023495	0.16225206
6625	3.107117	0.041185718	2.4902475	474.08747	1.7304114	1.6724089	0.25841958	0.16399188
6632	5.1618074	0.60473125	0.92504554	183.14328	1.5556364	1.300945	0.15435422	-0.044724865
6635	2.4206121	-0.7259131	0.9286031	6788.5608	5.0434285	3.65764	0.22291526	-0.12634835
6642	4.4362395	-0.19996714	0.52510083	100.47102	1.766987	1.410326	-0.19220952	-0.073100784
6648	4.3612032	-0.51687654	1.9301955	149.18636	2.3159686	2.0282742	0.073910942	-0.20571464
6661	3.1067796	1.4497811	1.3551546	38.857185	1.6364216	1.4610874	0.12108767	0.025579833
6666	1.8583604	-0.43882063	2.2771466	222.79455	1.5546317	1.2384687	-0.13925716	0.0023495668
6669	3.060761	0.11372473	3.0720855	426.66058	1.4210669	1.4172456	0.059217559	0.12325502
6676	2.9573194	0.54587827	0.59487178	373.06947	2.0540886	1.530417	-0.0046903185	-0.0096852898
6679	1.0988198	0.63539125	0.038578147	823.34781	2.019412	1.5785058	0.027092814	0.0020117956
6681	4.930932	-0.24278807	0.79767016	405.59543	2.387382	2.0226704	0.096720964	0.10013457
6692	0.26354123	0.97544466	1.0555235	7714.8443	4.9033913	4.0343537	-0.05713632	0.00112204
6697	6.0076066	-0.87738925	3.0033011	1439.4938	3.0801005	2.9733507	0.13411073	-0.23286527
6698	1.1305301	-0.19711236	0.87036905	365.43976	2.4011012	2.2558838	-0.23582274	0.22533433
6719	3.9812598	0.73701536	0.25124978	263.93756	2.213212	1.4616176	-0.065715755	0.055288241
6722	5.7180145	-0.69324714	1.1556091	165.12291	2.4196303	2.2839214	0.023658697	0.048750759
6740	0.088284725	0.42239845	2.5130333	573.783	2.6781621	2.6722698	-0.072647653	-0.0089845381
6744	4.8238126	0.10213232	2.7144184	714.30429	2.0420122	1.7422834	-0.19802846	-0.055930173
6762	2.6321164	-1.0890928	0.602532	875.22525	3.2665082	2.3818991	-0.23453824	-0.22210191
6765	0.34013815	-0.957423	1.4661409	180.80646	2.744055	2.2181645	-0.28898241	0.0203357
6771	2.0196953	-1.0476412	2.3045078	280.607	2.6441738	2.4955003	-0.015679728	0.1363365
6776	4.0020338	-1.3612507	1.3182957	329.67368	2.3309237	1.4593206	-0.12119955	-0.020264875
6780	4.3220093	0.17234509	1.9852541	303.12991	1.9802108	1.8216651	-0.26605661	-0.13114527
6801	5.4288319	0.27942715	2.6751135	1019.7743	2.5657678	2.0513856	-0.076484894	0.22332419
6807	4.8174374	-0.38177077	0.51429227	598.29757	2.0972062	1.5737015	-0.086621001	0.057532755
6817	1.5607356	0.49641401	2.3853244	379.23346	1.8024028	1.7396242	0.0016684235	-0.14699151
6829	4.1376625	0.5866234	0.48528988	1054.6797	2.5834761	1.9828275	0.029297736	0.25420936
6842	1.5326486	1.2860446	2.3574384	731.71276	2.2135226	1.5392936	-0.006161128	-0.0073757129
6849	1.4232292	-0.98912912	1.2996627	69.4299	1.7745304	1.4116562	-0.12442489	-0.23230135
6850	3.3592741	-0.58533444	0.7686798	707.62538	2.7075213	2.1077525	0.024717569	0.14803992
6871	0.048566497	-0.27318577	2.2845788	462.26114	2.9867541	1.4207982	-0.68177358	0.046237086
6875	5.8233012	0.66723898	2.6006054	283.77345	1.9818888	1.4337259	0.039485687	0.20726147
6877	0.17006393	0.83440856	2.45197	6340.2746	4.1694245	2.8898384	0.014282138	0.049267711
6885	1.3213302	0.5288105	2.6261632	213.24615	2.5576653	1.5720118	-0.16630311	-0.015455567
6894	1.0824969	0.68872421	2.1113168	236.025	2.0192629	1.6491087	-0.00071605125	0.14618525
6895	1.3867324	-1.169946	2.7469643	341.97653	2.2976606	1.6638799	-0.034698112	0.0020696301
6898	3.4595954	-0.85310271	2.5095073	653.06658	2.5125313	2.3862439	0.2855113	-0.12290291
6903	4.0027323	0.44667263	0.48545622	316.86607	2.1302508	1.9475736	0.11291518	0.27116031
6909	0.65728918	0.37047965	2.3880598	247.58865	2.3602861	2.2563868	0.19789964	-0.10247353
6911	5.0298178	0.031030264	2.1797778	294.29841	2.2453557	2.09259	-0.016080508	0.078193376
6917	1.0560772	0.44766539	3.0167621	508.46755	2.4451076	1.6491463	-0.076908902	0.020253613
6925	4.4228741	-0.25465767	2.7235794	326.76251	2.1209418	2.0176586	0.26474528	0.14947899
6933	1.0151865	-0.7218057	3.0357484	101.87668	2.1021063	2.092542	-0.022766391	-0.30887706
6938	3.625657	-1.0480361	0.52598153	430.99382	2.2674804	1.5097432	0.11466219	-0.15067627
6945	0.49497838	0.14809713	2.0467169	539.96762	2.1550903	1.948593	-0.060463616	-0.045850456
6946	4.583478	-0.46845007	2.0438623	273.15295	2.1348639	1.4034222	0.13813928	0.11550894
6948	1.9051205	-0.27614748	2.7293536	366.87668	2.0329001	1.7922377	-0.021406134	-0.056615101
6961	0.41192249	-0.081380637	1.035934	413.82257	2.6085472	2.2316861	0.086680402	0.1630755
6962	5.4286519	0.31288301	3.0647529	660.54608	1.5939808	1.3341247	0.27781903	-0.087272132
6967	4.5982964	-0.91603518	1.4296843	745.213	2.4142592	1.6452348	-0.1046264	0.28293083
6968	0.98019495	-0.91856036	0.9241435	248.38123	1.829868	1.6426015	-0.066983819	0.1295584
6970	2.6451751	-0.55675953	2.1420299	266.08777	2.0744398	1.8295728	0.13201594	0.099690644
6974	3.9190565	-0.48677689	2.6764222	639.03947	2.5494889	2.4705898	0.0838987	0.076080124
6992	2.340928	-0.48441025	2.9280996	608.93339	2.6938622	2.3309412	0.052421665	-0.17164154
7003	0.88123984	0.96471987	1.6074306	202.52815	2.8853365	2.2238343	-0.69361655	-0.11081109
7011	1.7725249	0.078618474	2.195271	680.80721	3.0879505	2.3139352	0.058733658	0.27707223
7013	0.085090974	-0.18648647	2.097233	158.94888	2.1145161	1.5386751	-0.016198795	-0.15288601
7021	3.0187134	-0.86437267	2.2550019	373.49989	1.6959678	1.2798259	-0.030233662	-0.0162065
7030	4.0701524	0.51177048	2.801624	276.96259	1.766713	1.4571469	-0.013564435	-0.092254886
7033	5.0596754	-0.12293458	3.085011	479.07227	1.6233238	1.3502791	0.0068679465	-0.014398384
7039	1.3235063	0.92448354	0.67957271	516.81581	2.6898189	1.7613148	0.055010031	0.001564626
7043	1.7044265	0.20734663	0.69245234	406.18079	2.8223124	2.3251522	0.31673698	0.03344619
7045	4.7053694	0.61731194	1.1657045	266.26008	1.4932305	1.2536195	-0.0061345514	0.22067153
7050	2.6188109	0.62786022	0.58202437	434.99339	2.7297671	1.7562996	0.18236464	0.0023055529
7053	0.73533703	0.76966838	2.4687107	988.92318	3.083603	2.1839108	0.0005671064	0.09650871
7074	5.0469677	-0.96405172	2.0921587	280.57434	2.4980556	1.9696222	0.050139459	-0.098410157
7086	2.7205925	0.82548926	2.4428013	2383.9089	3.7907237	3.2470216	0.038175033	-0.13430502
7090	0.70294099	-0.8562148	2.4727876	171.30226	2.3244999	2.0885142	-0.0028558384	0.17695153
7096	1.9162367	0.39893499	1.1867646	307.93237	2.4903388	1.8976515	0.057532427	-0.02110069
7101	0.14772272	0.41437794	1.7445438	232.2832	2.2345016	1.7163343	-0.00059615367	-0.19335905
7128	5.1958048	-0.053720104	2.8801065	828.00534	2.9242793	2.6414824	-0.043615877	-0.31540408
7134	3.2173694	-0.62421023	2.6814566	492.55276	2.2316906	1.6057466	-0.29788117	-0.01881871
7146	2.9197915	-0.039388459	2.2436303	359.18785	1.808742	1.6219245	-0.087613063	-0.00062400713
7170	5.2441658	-0.39910025	0.58741787	164.88087	1.7479355	1.3577006	0.12829138	0.34274165
7176	2.9293587	0.10210594	2.2578133	259.51513	1.9198081	1.5224725	0.094443306	0.15222951
7193	2.5069774	-0.31361742	0.69380435	929.46558	2.216487	1.4195938	0.00025927633	-0.034194387
7209	1.7319119	0.56399737	0.65060144	230.79823	1.3551573	1.2999939	-0.0077496721	0.25116558
7216	0.60713186	1.2197916	0.23894885	945.45892	2.8601049	2.5985611	-0.13078525	0.10128635
7222	0.94670188	-0.20725887	3.0327812	703.4734	2.1141487	1.3796344	0.18276281	0.14935485
7239	6.2632404	0.87825546	0.5182888	305.52588	1.8524906	1.5700483	-0.045241025	-0.22181965
7244	1.1099095	-0.012904551	0.4399737	409.23727	1.8050164	1.7115903	0.22076313	0.063924612
7245	0.0089220066	-0.40476499	0.34191077	441.17947	1.9206117	1.9119568	-0.22086311	-0.018714148
7246	1.0653599	1.3089932	2.4740396	366.11046	1.8037457	1.3576767	0.083941866	0.071444675
7252	0.38538269	-0.35752299	2.4092285	1012.4472	2.3380242	2.3020362	0.25031642	-0.036699745
7259	2.8576983	0.48632414	1.6297216	456.68036	1.5263074	1.3521078	0.02643799	-0.33415056
7271	3.7290129	0.26632415	0.1806543	299.45054	1.2849047	1.2611035	0.091292686	-0.22920649
7274	5.8415386	-0.058343676	0.36305229	229.8738	2.1677039	1.7906914	0.040196012	-0.050667109
7277	2.31674	0.68221894	0.40158885	1052.1401	2.9848897	2.8547385	-0.018388143	-0.18993607
7284	5.2598523	0.97761899	2.5498564	410.84898	2.6387659	1.8010747	0.090826891	0.10897826
7290	5.4475464	0.69735261	2.3752613	433.93985	2.3843888	1.5040712	-0.096079207	0.024481012
7295	4.8091949	-0.13976799	2.887885	1318.1248	3.2146001	2.9418456	0.87356619	0.23884619
7296	1.3955789	-0.64876785	0.26331366	695.299	2.0302011	1.9608517	0.044599153	-0.038890384
7309	0.64610953	-0.8677673	0.83014334	307.99999	2.5984858	2.5766371	0.070751533	0.073168155
7313	2.8897492	-0.62011313	2.4818131	476.573	1.7562952	1.5952122	-0.012781765	-0.00091594757
7315	0.24607891	0.50048922	2.4059475	453.55603	1.6146173	1.3811277	0.050937325	0.12162607
7341	0.91496971	-0.76528911	2.558952	497.81541	1.8689635	1.3288895	0.089407483	0.084746643
7345	5.8911309	0.89533154	2.5066541	414.70993	2.2031471	1.3388316	0.13613648	-0.030417597
7352	4.340095	0.032438198	0.69060269	305.16065	2.536579	1.8967772	-0.11961201	0.059063257
7364	0.30603609	0.81176111	0.72569061	414.69217	2.7413394	2.2306557	-0.58339705	0.040525133
7373	0.481536	1.3235133	2.6296256	447.72175	2.5918055	2.3592355	-0.010831668	0.05840447
7377	4.0272293	0.20958816	2.7650996	374.84793	2.6396588	2.1974894	-0.15184587	-0.15560768
7378	2.414516	-0.3763955	1.4010349	365.02399	1.5281951	1.3452523	0.020100571	-0.16467058
7381	3.113235	0.93729824	0.1261033	497.86872	2.4586097	1.8715966	-0.2351212	-0.083866926
7420	0.3775635	-0.32747754	1.0395641	430.36946	2.9304576	1.7478583	0.11013433	-0.26023975
7421	5.6817997	-0.17314381	1.3428181	5651.4391	3.7588546	3.7397679	0.17513657	-0.19078799
7441	6.1460185	-0.50440846	2.2114366	167.23847	2.6650294	1.8059834	0.19051649	0.099432526
7449	4.4008705	0.28678422	2.8304104	5148.3669	3.0658461	2.1773083	-0.04402738	0.051502612
7461	6.0447292	-0.558885	0.86171203	578.4325	2.887951	2.1002596	-0.12144167	0.069955343
7465	2.2612974	-0.27267941	2.2370279	211.21071	1.7194564	1.3143929	0.15637618	0.063179601
7470	6.0629693	0.7169648	0.39142335	744.36171	2.801676	1.9634359	0.039294972	-0.059656847
7471	2.19848	0.8048947	2.1957005	293.20184	2.4761277	1.3874664	-0.054124033	0.031835879
7487	5.0670277	1.071189	0.42373257	941.23189	2.9104479	1.6007776	0.28550116	-0.082006446
7497	2.9316837	-0.4705668	2.7156498	477.60948	2.6804811	1.4106508	-0.0050160643	0.030104321
7498	2.3549992	0.53116528	2.6276022	591.30754	2.4334622	1.58065	0.0084288301	0.21513041
7499	5.0539307	0.080948278	2.7605926	361.2041	1.7715315	1.678578	0.078121719	0.1692044
7500	4.1695672	-1.2038251	2.294293	535.81482	2.0649217	1.4958374	0.086305099	0.14750341
7522	0.18127069	0.57988513	2.7986528	311.4685	2.5491968	2.259869	0.12201749	0.09860376
7543	4.9020921	-0.45450729	0.82923284	126.05686	2.1211063	1.8491932	0.11345315	-0.00028600331
7553	2.4262277	-0.49459587	0.61350854	324.54163	2.7935498	2.7913768	0.36758983	-0.31626147
7584	2.128482	-0.38421748	2.4547876	606.66981	2.4735312	2.251679	-0.12311576	0.00047937588
7586	0.24853916	0.022557759	2.9308444	663.59148	2.1700023	1.9067468	-0.014951315	-0.19921766
7589	5.7974663	-1.1378725	1.9920041	349.23066	2.4930294	2.4454308	-0.23005645	-0.05392044
7598	2.7842975	-0.83015625	1.2107285	163.87687	1.8464715	1.6967178	0.33297952	-0.21892762
7603	3.4810211	-0.64340604	2.7742149	592.35493	2.256566	1.5004041	-0.29488299	0.055239676
7606	2.8494601	0.73560857	1.7866811	4905.7112	3.4452562	2.2217137	-0.20334424	0.043129298
7612	4.1585053	-0.49445039	1.2439652	84.158637	2.064779	1.9561892	-0.0055604361	-0.098362498
7628	0.11877658	0.38738248	1.0859749	493.04252	2.1139735	1.3613446	0.19178312	0.0059249163
7629	3.1294069	-0.40248244	2.4958914	330.10768	2.7910527	2.6099478	-0.11206139	0.044350203
7632	4.0190425	0.18331698	0.47987462	189.23126	1.5604301	1.2995615	0.15111782	0.20601701
7641	3.1655387	-1.1050966	0.67276921	190.41757	2.3234594	1.3647148	0.080399847	-0.22276193
7653	5.1981089	0.99784159	0.59228348	325.93981	1.932766	1.5620402	0.029915715	-0.11898963
7655	6.0732538	0.61019543	1.2589426	379.06136	2.7918049	1.3223919	-0.25645829	-0.0060470051
7656	2.5630397	-1.0420469	0.78182226	568.23211	2.8534184	2.0286615	-0.013553478	0.018315734
7668	4.6977618	-0.062858742	1.998632	262.48921	2.6331106	2.1997558	0.014582204	-0.037002646
7671	3.9767342	-0.2438913	0.6228127	274.84357	1.7276888	1.6400415	-0.10473944	0.017049496
7677	2.7263871	-1.0909262	2.1277567	200.4354	2.168245	2.0698043	0.24136707	0.27310431
7688	0.34146406	0.60216518	0.57297503	770.57768	1.9434317	1.787653	0.19596378	-0.28801617
7690	2.326699	0.37276598	2.6655925	1240.7043	2.6114253	2.3100939	0.0052675466	0.021713533
7693	3.8090293	-1.3953339	0.20870819	5431.1647	4.6681788	2.0680185	0.051095868	0.085305773
7699	2.2740237	-0.47367186	2.9051103	1044.1555	3.2859081	3.1468026	-0.48831192	0.14129073
7713	1.4028928	0.96094012	1.0200883	284.29126	2.5847152	2.12418	0.1439242	-0.028126694
7717	2.7898994	-0.38374143	3.0717989	775.80096	2.2764113	1.5637291	0.056041084	0.029743945
7724	0.68669431	1.0426724	0.64354578	287.78601	2.3407936	1.5842249	0.035641514	0.20289225
7727	3.7418858	-0.37591202	0.72469227	402.96414	1.8936956	1.6428248	-0.24210593	0.11746712
7739	1.5801111	-0.87706795	0.36525549	608.76659	2.3587116	1.9482814	0.024819435	-0.1118365
7770	4.1584626	0.79659223	1.0959186	204.55482	1.5930304	1.5843587	0.086386244	0.050111788
7771	5.6184745	0.73245844	1.8178396	459.09772	2.9597055	1.7767241	0.42709883	0.026712818
7775	2.3194519	1.2255822	0.33246764	1025.0912	2.7648866	1.6702416	0.045726844	0.10865719
7786	3.1228461	0.041783143	0.43451474	341.01683	1.6932979	1.5798113	0.0081091527	-0.020921261
7789	0.74878455	1.0508076	0.74691094	660.7241	2.7794918	2.0433397	-0.11906537	-0.021856666
7799	5.9482054	-0.50894133	1.9299893	255.1151	2.6724866	1.35706	0.11954671	0.1173689
7800	5.0549252	-0.45491492	0.32142125	3960.689	4.4307576	2.4949587	-0.40367261	-0.044651139
7801	6.2713994	0.55567	1.5748236	188.20409	2.4502818	1.8672307	0.18329581	-0.36106448
7816	4.6010964	-1.047488	2.205876	457.93774	2.1439789	1.40277	0.042111404	-0.2471953
7818	4.7522698	0.20316661	0.58656812	894.58541	2.0459729	1.8267497	0.0060210843	-0.1211043
7824	4.6629069	-0.008206791	0.46515296	246.81993	1.6109344	1.4573455	-0.20828021	-0.020779762
7830	6.061439	0.37072478	2.598165	319.74677	2.1058963	1.9415313	0.1138801	0.06855532
7834	6.1218104	-0.099600215	0.27632789	317.08097	1.4043593	1.2399757	0.023974996	0.20638928
7844	2.9087316	0.37028248	2.0734437	335.05658	1.7100955	1.3159042	0.056983643	-0.24193812
7854	1.3458627	-0.60968787	0.52796174	267.55449	2.7170606	1.2927921	0.026170859	5.0492836e-05
7855	2.7937684	-0.39957191	0.68265933	580.79506	2.261376	1.8228904	-0.081845682	0.016128022
7858	0.83754966	0.5530869	0.1852059	328.35426	2.7365334	1.7516321	-0.18848039	0.080509338
7900	4.5723797	-0.012052676	0.33997041	469.97223	2.6533048	2.2288722	-0.049095012	0.046924139
7906	5.9422985	-0.68250335	2.4445564	124.84078	2.4705769	1.5641333	-0.0019651353	-0.23003043
7907	2.7667197	0.1385758	2.473125	727.79899	1.4862152	1.3538869	-0.010568978	-0.079032137
7916	0.78568167	0.20771605	2.3928136	206.01556	2.3094775	1.9375768	-0.0027305541	-0.074601084
7919	4.0032552	-0.53149358	2.7068087	559.44464	2.8106056	2.4183778	0.064188814	-0.26489102
7920	2.4768046	-0.84350829	0.08038919	369.75476	1.8407233	1.8045731	-0.13685254	0.021931127
7929	3.8544304	0.72047662	2.3020331	385.97677	2.7511149	2.4196426	-0.25388121	-0.090235886
7931	0.003251165	-0.27723877	0.64750457	321.18103	1.802665	1.6336331	0.15500566	0.0071198714
7942	2.1965737	-0.73812382	2.6495682	1074.5895	3.1072334	2.5789704	-0.54723456	-0.051844149
7949	1.6591274	0.84249889	2.3073953	354.08123	2.2317975	1.4400125	0.14867998	0.20618819
7952	2.5493787	0.65612952	2.8382356	375.7748	2.8102369	2.4813446	-0.0040040363	-0.11399453
7954	5.8611064	-0.22038395	2.0887532	387.01811	2.8613671	2.5153809	0.082725342	0.021843715
7956	5.986284	-0.11811026	0.21111501	321.20681	1.6890785	1.6740623	-0.16481662	-0.034373177
7959	0.42295865	-0.36607917	2.861524	394.63946	1.9886433	1.5297028	0.13494992	-0.023869595
7975	6.1015459	0.96890125	2.6458485	453.14656	2.2920813	1.5299035	0.0009512601	0.22929344
7981	4.9911345	-1.2422623	2.7980672	186.60753	2.0575202	1.5749862	-0.22446602	0.13339359
7986	4.3918173	-0.18938468	1.8170177	155.26056	2.356294	2.1981187	-0.36616632	-0.076895407
7991	2.4059183	-1.05939	2.5761533	653.55361	1.4975797	1.2849375	0.055374003	0.18476142
7998	3.0087441	0.16353608	2.6898232	378.96001	2.1514014	2.0793704	-0.051772783	-0.30313941
8008	2.6827352	0.1767356	0.27478866	679.84702	1.9873643	1.7170174	-0.058092114	0.023315313
8015	1.9860535	1.3218438	0.78039239	190.80705	1.5918761	1.2486322	0.16046711	-0.062434003
8022	2.9974762	0.51922223	2.7660204	731.06272	2.9967484	2.9601935	0.16746676	-0.35129421
8025	1.4942304	0.50502264	2.7718346	660.33965	1.7690356	1.650556	0.01400896	-0.29714602
8046	5.8241003	0.52327302	0.28698822	882.44406	1.7741397	1.653496	0.1776197	0.040499407
8068	4.1238126	-0.57464561	2.9388602	840.88669	1.9382932	1.6551781	-0.12603823	-0.094257932
8078	0.79854135	0.97046563	2.3210161	251.85281	2.1681628	1.6090273	0.030908181	-0.047630245
8086	0.09737252	-0.58789936	0.39584153	2633.482	2.8233955	2.4656209	0.047022536	0.02286031
8089	1.63577	-0.21007221	1.3296234	197.01476	2.2665895	1.9573285	0.15877134	-0.12102545
8092	2.6271634	-0.98724469	1.0484885	230.84162	1.577328	1.5277961	0.065222503	0.21467565
8102	0.4194017	0.77965421	1.1305385	304.50221	1.9333336	1.7449757	0.085308748	-0.085662162
8120	3.3855892	-0.11390749	0.50672103	201.61224	2.2423215	1.3079338	0.076113899	0.022248788
8126	0.7459264	-0.14878077	1.7134051	128.56794	1.4680554	1.4125651	0.34379995	-0.28953335
8132	4.2551104	0.78384222	2.9107618	720.85936	2.1777837	1.3728278	0.10524365	0.05440349
8148	2.5098499	0.94825825	2.8215942	549.50042	2.3729838	1.8483484	-0.030475593	0.1767194
8157	5.6093901	-1.4764781	1.1212853	287.69021	1.691179	1.5414939	0.050208225	0.27979568
8165	2.3115142	0.66811672	0.64734708	277.71443	2.6378985	1.2985247	-0.060425426	0.12771383
8168	5.4026536	0.049010369	1.0184827	1736.4518	3.6538897	2.2373376	-0.036784914	0.14420498
8174	5.4827423	-0.79799648	2.89188	917.88084	2.160925	1.9902487	-0.088055388	-0.022197787
8178	3.0798478	-0.04590889	2.1522762	202.29687	1.4106474	1.3688239	0.023428319	-0.11693154
8183	3.6188814	0.13230411	2.8556013	374.24706	2.1674339	1.3974655	0.071886632	-0.097774595
8187	3.6590992	-0.45114109	2.7294124	350.16756	1.3317648	1.3199893	0.12928634	0.065352678
8194	2.4296089	1.0951362	0.93798308	398.89197	1.3985368	1.2774799	0.00032698752	0.098066027
8206	0.49883955	0.92109943	0.46547664	503.11922	2.8974515	1.8355088	-0.037004696	0.031953552
8209	0.89790359	0.61928386	2.6911604	778.68746	2.477193	1.8639396	0.02043206	-0.10226046
8219	6.1754871	-0.013835887	2.1504048	237.09954	2.0865259	1.8319521	-0.086398724	0.12497183
8220	5.053408	0.68080427	3.0737931	361.66926	1.6524389	1.3291207	0.13090141	-0.024566564
8223	4.0328957	0.75576216	0.38328313	6284.2076	3.4071175	2.8816119	-0.046248888	-0.081293428
8228	4.070768	-0.66588486	2.1743903	657.13041	2.7962534	2.4814969	-0.23222532	0.099745825
8251	0.40961155	0.69089819	2.7920318	343.10527	2.0907043	1.9541169	0.27524152	-0.0088533844
8256	6.1844283	-0.72093209	0.49080313	590.59884	2.4870532	1.8532758	-0.052494675	-0.19017413
