simulation_id	longitude	latitude	inclination	distance	mass1	mass2	spin1z	spin2z
6661	3.1067796	1.4497811	1.3551546	38.857185	1.6364216	1.4610874	0.12108767	0.025579833
2357	5.2586311	0.33955527	1.4063794	54.596988	1.8060927	1.3341005	0.064957028	-0.094134732
3275	0.3603589	0.23690539	2.2797495	57.210867	1.7398427	1.7227794	0.11383511	0.055585654
5150	0.8471614	0.016836239	1.4195833	62.239518	1.4721414	1.421382	-0.034967113	-0.023683811
6849	1.4232292	-0.98912912	1.2996627	69.4299	1.7745304	1.4116562	-0.12442489	-0.23230135
817	2.633147	0.12413204	2.5605413	72.795428	1.5189433	1.4305642	0.053648122	-0.013277725
3929	4.8315971	0.37076052	0.48345173	73.592894	2.134564	1.2026572	0.30297765	-0.005969891
5584	2.3558659	-0.70164081	1.8325516	79.332548	2.0148854	1.666944	0.050272476	-0.21209508
7612	4.1585053	-0.49445039	1.2439652	84.158637	2.064779	1.9561892	-0.0055604361	-0.098362498
1922	3.3752218	0.38188434	0.75814954	89.952231	1.9527919	1.8251347	0.0071597368	0.040797935
5351	1.9315632	-0.46626489	1.632007	94.032819	2.2900607	2.1411167	0.13316763	0.077505954
183	5.3942362	-0.75930781	1.1613845	94.326809	2.6456819	2.1891282	-0.17617287	0.044514575
6124	2.6525145	0.20567022	1.0321763	97.890854	2.060963	1.1759471	-0.040359776	0.13203811
6642	4.4362395	-0.19996714	0.52510083	100.47102	1.766987	1.410326	-0.19220952	-0.073100784
1632	0.35003558	-0.36817553	2.9710712	101.80346	1.37842	1.3503636	0.21279012	-0.10312569
6933	1.0151865	-0.7218057	3.0357484	101.87668	2.1021063	2.092542	-0.022766391	-0.30887706
1058	2.1782159	-0.1993409	1.0274183	102.45305	2.2954083	1.5691106	0.0091215007	-0.097448122
580	4.630322	-0.66546776	1.1815231	102.72643	1.8728536	1.3193222	0.29761696	-0.036155641
4410	3.108803	-0.27194577	0.28694057	104.78898	1.7850353	1.466708	0.07239502	0.003590265
896	2.3823751	0.4575622	2.9404342	109.69722	1.3064163	1.2092672	-0.0083822472	-0.0027260222
1264	0.66627845	0.37944218	1.259583	115.77937	1.5227594	1.2837242	-0.057312874	0.30691963
1121	4.6103201	-0.72769659	2.986707	115.81532	1.9114805	1.4080903	-0.092406727	0.01491555
4578	1.4307079	0.96796501	2.7073554	116.63574	1.7023779	1.6895947	-0.027717299	0.20269688
4767	5.8727221	0.41425323	1.182494	118.64933	1.9490465	1.7005969	0.3076318	-0.3100436
4312	4.0498041	0.16835522	1.9252424	118.83929	1.9549658	1.9475829	-0.032279023	0.17015322
3141	6.169275	0.44775865	0.55279698	123.39585	2.6488758	2.2042814	-0.088988051	-0.15232825
4391	5.1345303	0.28801032	2.844414	123.62591	2.0849166	1.1642019	-0.051188991	-0.028532282
3996	3.4732477	1.2902223	1.8070199	123.80085	1.6365399	1.5058555	0.13671269	0.27144138
1423	5.0307377	0.2230838	2.6239343	124.24661	1.5341666	1.2420771	-0.087397075	-0.063549461
7906	5.9422985	-0.68250335	2.4445564	124.84078	2.4705769	1.5641333	-0.0019651353	-0.23003043
9877	3.1067796	1.4497811	1.3551546	64.043087	2.6540895	1.6603274	-0.077862543	-0.083679654
11965	0.053353036	0.46481449	2.1166484	76.184725	2.3533147	1.2304333	0.2150594	-0.15122252
3435	5.2586311	0.33955527	1.4063794	80.146765	1.6070438	1.3553268	-0.10325601	0.0042281483
378	1.9447457	-0.49472089	2.5847512	80.590369	2.1917276	1.3733686	-0.2048184	0.054726812
4911	0.3603589	0.23690539	2.2797495	87.421567	2.0111236	1.8236272	-0.067065985	-0.020638799
7638	0.8471614	0.016836239	1.4195833	91.104735	1.4700811	1.2266436	0.076482351	-0.080528884
7427	0.33022072	-0.09570695	1.017055	91.108125	1.9803246	1.8814259	-0.16427544	-0.19096026
7803	2.3784859	0.25351372	0.68841728	95.515436	1.358127	1.2712146	0.053794401	0.28894358
10884	0.83147134	1.1723689	2.8977874	101.3987	2.5668208	1.599549	0.088178338	0.037377245
1145	2.633147	0.12413204	2.5605413	103.36001	1.3134517	1.2616031	0.022750958	-0.25083342
11098	4.376374	-1.5135863	0.35977181	104.28635	1.617051	1.3606951	-0.10002384	0.088576517
10148	1.4232292	-0.98912912	1.2996627	107.81741	2.2505475	1.3585306	0.063164591	-0.0093685018
8252	2.3558659	-0.70164081	1.8325516	108.1795	1.7764045	1.3522719	0.070584714	0.25378814
164	5.3373964	0.1944663	2.1127356	109.18523	2.0442393	1.8805364	-0.010546948	0.1791654
5884	4.8315971	0.37076052	0.48345173	113.48336	2.2538066	1.3154248	0.036797477	-0.049626518
6230	2.3956942	1.2112369	0.30654475	117.63761	2.4617526	2.0205372	0.0028471361	-0.048884796
4004	0.88071199	0.69373723	0.75571341	118.99783	1.7137513	1.4629261	0.0082922494	0.18928428
7919	1.9315632	-0.46626489	1.632007	119.35013	1.5839648	1.5823141	0.104641	0.064874
2806	3.3752218	0.38188434	0.75814954	121.39648	1.754105	1.4035017	0.12823941	0.061414567
259	5.3942362	-0.75930781	1.1613845	121.54648	2.1086698	1.526639	-0.042715258	-0.024932431
2603	4.9543328	-0.22651256	2.1294328	134.41221	1.8539518	1.1907742	-0.052694881	0.14641214
10276	1.0151865	-0.7218057	3.0357484	136.03961	1.7985821	1.451703	-0.14187739	-0.048100045
1532	2.1782159	-0.1993409	1.0274183	137.72299	1.7645239	1.3628987	0.056792117	0.19047984
9010	2.6525145	0.20567022	1.0321763	138.30547	1.3567996	1.3175074	-0.09955293	-0.25676866
10757	0.98069922	1.242507	2.2695813	140.23235	1.9128252	1.3600156	-0.17346274	-0.0097327444
647	0.99299464	0.3905491	0.63031424	141.63639	2.7563127	2.4082596	0.3665528	0.0080080847
2450	0.58040416	0.66729765	1.0341158	151.39772	1.7974395	1.3429643	-0.078801397	-0.19603881
4132	2.3138404	-0.21525219	1.2574531	154.97738	1.2318251	1.1608964	-0.083386946	0.19361977
6508	0.10981579	-0.53539419	2.8279495	156.65875	2.3083213	1.7429169	0.20432088	-0.32181532
6472	4.0498041	0.16835522	1.9252424	157.6684	1.8822015	1.3114797	0.20050975	-0.1092637
