simulation_id	longitude	latitude	inclination	distance	mass1	mass2	spin1z	spin2z
23	3.7392392	-0.21207263	1.1334813	307.43369	2.0754341	1.7363449	0.084767666	-0.20105241
39	0.96535827	1.405876	2.6485628	75.225859	1.4234663	1.1473513	0.011381283	0.1414335
41	5.9676174	0.60324529	0.50822698	459.38014	2.829167	2.168106	0.056752909	-0.16160266
43	3.3950243	-0.33706707	2.3010108	203.52304	2.4965136	1.6903491	-0.065447029	0.13191261
58	4.2690116	-0.061137693	2.7058954	180.08433	1.7962008	1.5115858	0.1799358	-0.17095231
76	2.5943416	-0.36740041	0.58788169	238.09473	2.5708864	1.6407813	-0.01548735	0.16854822
85	4.1117304	1.1776959	2.6930017	170.90544	1.9039517	1.8329983	0.074929785	0.07288436
87	4.7244838	0.055420077	2.6755138	208.16534	2.3531858	1.4101125	-0.20366444	-0.006005315
112	6.0422185	-0.82245846	2.5673898	235.06181	2.5121627	1.4923364	0.093061984	0.12742274
113	3.0608573	0.70943968	1.5734348	119.42898	1.5940756	1.3321957	0.042390568	-0.0081680928
149	0.85922384	-0.91662939	2.0270559	104.32172	1.2549049	1.2366871	-0.0076670379	0.054246544
157	1.2494087	-0.65017802	0.67286493	212.35978	2.2146728	1.8611873	0.03445236	-0.0060455192
159	3.830283	0.24040831	2.468018	229.8538	2.1815506	1.9117718	0.032490469	-0.096261892
163	5.6849784	0.34444741	2.7051953	223.89705	1.5867879	1.3335581	-0.011676403	-0.28563876
171	2.4041229	-0.2547009	2.3868201	223.03613	1.9036715	1.6020654	0.22321454	0.056009632
178	1.9447457	-0.49472089	2.5847512	32.975259	1.7447813	1.415451	-0.11679567	-0.060258502
183	3.2766243	0.17193163	2.2850471	236.78099	1.9543568	1.6374889	-0.029304884	0.18761921
188	2.9558267	-0.25724981	1.0674687	223.47175	1.9377071	1.8019315	0.12237089	0.16773633
194	1.6801124	0.062291165	0.86146507	287.86604	1.9703127	1.7358432	0.17077286	0.23416796
196	5.3976868	0.49031711	1.0495639	175.76916	1.560459	1.4127549	-0.003687469	-0.034700335
198	0.25007206	-0.98847519	0.57958481	500.4202	2.8962293	2.8624127	0.059543367	-0.15620337
214	3.911793	-0.35988194	0.35990107	229.63662	1.9406882	1.7617797	-0.12995178	-0.22951169
225	5.0432976	-0.29036121	2.6318122	345.95427	2.0197549	1.4668435	-0.30163618	0.16090561
230	1.8317857	0.88288424	2.6438004	336.22361	2.1353446	1.3919369	-0.026406976	-0.14029418
255	4.4665121	1.5113202	0.46527255	265.85274	2.71244	2.2264549	0.070586596	-0.075310492
262	3.4672691	-0.85035293	2.7682958	324.33912	2.7141318	1.673861	0.0077370671	-0.15948218
266	0.13819433	0.52349043	0.16069659	165.06877	2.3798333	2.2474331	0.0043046988	0.20608979
281	1.2447544	-0.22823967	2.2947819	170.46828	2.8637825	2.077034	-0.9296382	-0.046023441
282	3.1695342	-0.29969188	0.27127156	141.90347	2.1494751	1.9612018	-0.070261484	-0.14112196
288	1.9610587	0.36881197	2.2291221	247.59684	1.6243539	1.3804425	-0.17452213	0.12332694
289	4.4157576	0.2028663	2.5068485	267.96221	2.3482805	1.587747	-0.045746276	0.034004047
312	2.4726894	-0.89003317	0.72008145	164.81947	1.8783499	1.8656892	-0.1717814	-0.012031981
316	5.3755684	-0.5124301	2.3974598	259.22319	2.1782169	1.5960269	-0.097553154	-0.26126383
329	5.68873	-0.85699604	2.7247137	449.83176	2.7493702	2.6089764	0.05625128	-0.049019669
330	0.36373373	-0.26538623	2.4102345	356.58968	1.6166958	1.5867237	0.034345367	0.021994078
332	4.6842071	0.26274361	2.2144855	130.05664	1.442307	1.3098502	0.0085225022	0.0017556923
363	2.0612686	-0.011974148	0.55749139	422.83162	2.6014555	1.4951874	0.050865337	0.16466224
365	4.1666277	-0.76588637	0.83763645	476.33129	2.9775186	1.5218546	-0.44508049	-0.069025704
416	4.2724915	-0.017139	2.6923134	234.45554	1.8875706	1.4953352	0.053513182	0.21448092
478	2.0915601	-0.89701621	2.199447	118.85751	2.0712968	1.7746866	0.012773188	-0.025337722
480	3.2242959	1.155603	0.81360105	250.09297	2.6528113	2.4738987	0.28544799	-0.24313954
485	0.5546788	-0.48953438	2.3696974	96.283501	1.8636049	1.3420406	-0.18020942	0.10150762
491	4.4472473	0.192148	1.7220324	147.76135	1.7280458	1.65416	0.04934447	-0.033696958
516	2.633147	0.12413204	2.5605413	47.619381	2.193182	1.1373836	0.35403421	0.11109583
538	6.2310686	-0.9063568	1.2131858	127.45735	2.1731338	1.4751035	-0.0095360286	-0.017241221
541	1.1945583	-0.12840748	0.31290898	514.83206	1.8929385	1.5741373	-0.01150398	-0.13314944
543	4.0460273	-0.26323312	2.8238311	152.94549	1.7701073	1.3337343	0.020047427	-0.11146079
569	2.3823751	0.4575622	2.9404342	85.036061	2.3282076	1.3200712	0.21228	-0.34126226
576	6.1846504	-0.76578073	1.9226693	84.739292	2.5419016	1.8113344	-0.13083283	-0.0025252582
581	5.3617328	-0.77315007	0.75360097	178.4264	2.3785159	1.3571042	-0.0069807927	-0.032897906
603	5.9220112	0.56618785	2.1196308	182.62057	2.7838742	2.2156623	-0.08920451	0.17429202
612	5.5530755	0.096161607	2.8228582	584.22788	2.8315161	2.5536366	0.052717574	0.16111547
626	1.2790212	0.62251984	0.92001559	133.4219	1.7601908	1.3676784	0.17087298	0.13926963
627	4.7102745	0.26674113	1.8569356	159.63436	1.9368315	1.7702957	0.1616016	0.056037229
636	4.572293	1.4468752	2.7608058	357.59986	2.6284084	2.4578451	-0.11165046	-0.060218522
649	1.8465272	-0.7417613	2.9284273	482.09465	2.7431115	2.1768313	0.081110402	-0.039806499
653	4.232707	0.62530562	1.0275107	143.78351	2.1427128	1.6379023	-0.057935393	-0.055130075
683	4.0221462	0.35624952	2.0370087	94.951396	1.9960628	1.1840256	0.20874098	0.21763023
710	4.5889131	-1.3497708	0.72850416	366.13813	2.6758327	2.0743242	0.044700917	-0.049896841
712	5.3402514	0.33395119	0.44391008	236.52507	2.5092092	1.862592	0.19353036	-0.003067193
733	2.8251045	0.53094126	0.40045457	263.82761	1.6390539	1.4746983	0.076599625	0.00064318908
745	5.6601807	-0.81412038	2.4636264	223.8416	1.7682817	1.7245412	0.096336273	-0.088034568
792	5.5023342	-0.26015489	2.7023484	656.78862	2.2573772	1.6561353	-0.030276243	0.04063228
795	0.4478032	-0.9439542	0.7871509	182.52361	2.5922263	2.4518105	0.076690201	-0.093163809
816	4.4727946	-0.88065378	0.18420385	433.23319	2.9673329	1.9157052	-0.085572861	-0.24369408
826	0.66627845	0.37944218	1.259583	78.334051	1.78162	1.3772144	-0.23614281	0.12482409
840	1.7303231	0.40535128	2.7308052	311.42498	2.3693776	2.2809741	-0.0018815102	0.28094069
861	4.1521491	0.78223604	2.5512574	257.57813	1.7373917	1.7346815	0.15390519	0.055683948
872	1.0604796	-0.73797748	0.52439052	280.33155	1.7589436	1.3062194	-0.17664187	0.0092904534
877	5.7863903	0.85619391	2.0043294	154.64235	2.6426308	1.2195471	0.14559256	-0.15946249
878	0.016139149	0.56129727	2.8045496	93.382836	1.3278238	1.2578534	0.00072643334	0.018145842
890	3.276471	-0.93863845	0.85890674	260.14198	1.8478602	1.5736843	0.084905807	-0.09064165
891	3.7151058	0.066282727	0.65497545	232.93759	1.9927209	1.8347536	-0.19250578	0.0048882652
898	3.6255915	-0.89508754	0.41981093	425.21283	2.649423	1.835925	0.17738592	0.37266443
929	6.0790541	0.051053379	1.0739874	226.60313	2.1038018	1.7747047	-0.15164896	-0.29566326
952	3.0004521	-0.35029054	2.8470882	246.5844	2.7765819	2.7146313	-0.15523251	0.062075097
1013	2.0999546	-0.39507036	2.5478134	382.89848	1.8837192	1.7263827	0.01921425	0.11301986
1017	2.5644358	-0.86559344	1.0250332	315.75464	2.6156728	1.494188	0.046710765	-0.11369954
1019	6.1656293	0.11676505	2.9414995	203.47861	1.8012558	1.3837722	-0.15615882	-0.031744996
1059	0.35003558	-0.36817553	2.9710712	71.70044	1.8483307	1.4283188	0.13014507	0.041047157
1078	5.2056334	0.21977524	2.324912	197.29594	2.1633449	1.9025958	-0.090608301	0.35267478
1087	2.1283568	0.058699938	1.7229963	97.144298	1.973823	1.5522923	-0.23575613	-0.034704231
1109	4.26742	1.0944528	0.57306556	541.63144	2.6054651	2.3124743	-0.042348288	0.027229128
1137	0.60503561	0.31380467	1.4250106	170.00199	1.9775021	1.6234394	0.019254739	-0.10455385
1149	0.90988734	0.49588566	0.53688078	173.83523	1.4386213	1.319285	0.24688526	0.062415117
1153	0.99848835	-0.11539904	2.6879434	125.63762	2.5537661	2.1020332	-0.027505981	0.076356769
1187	3.3011302	0.28963618	2.3779097	280.85593	2.2194103	1.4129909	0.033420983	0.016377646
1189	2.8728297	-0.6669171	0.44799899	385.15956	2.3891766	1.5166038	-0.002541628	-0.0031771297
1216	1.2069855	-0.59858424	1.0592717	397.75753	1.8874832	1.5841766	0.2397658	0.13172329
1217	5.2167486	-0.27088557	0.81804988	225.76714	1.5154002	1.2518912	-0.0099901801	0.00082237586
1225	6.2403905	0.6276919	0.90892613	196.9703	2.3958111	1.7924471	0.051538928	0.018127881
1227	3.1255524	-0.25779	0.43663924	426.24953	2.1532833	1.6620772	0.14921244	-0.25573648
1228	4.7909521	-0.69679882	2.9122539	486.87176	2.2764258	2.2067928	0.055442144	-0.28013457
1230	5.6225414	-0.45882869	2.520237	482.3925	2.2612973	2.0988199	-0.21661917	0.17953751
1232	3.2754892	-0.34669199	2.4275796	151.56338	1.3047146	1.2915871	-0.032359205	0.023592777
1252	1.365202	-0.59823157	0.70947997	361.27195	1.7493997	1.6322411	0.31373262	-0.095941008
1264	1.1500795	0.16358535	1.1809745	92.887194	1.2904855	1.2357988	-0.0029821879	0.10228567
1280	2.0900057	0.21484437	0.79140439	236.85771	1.8686683	1.7573305	0.0057095828	-0.18316482
1282	1.5676436	0.31318439	2.2704436	169.74583	2.4362535	1.5693465	-0.016140407	-0.050885339
1295	3.5805459	0.99729466	2.4920764	226.2423	2.451066	2.0127157	-0.01606609	0.12999821
1311	3.1177307	-0.57685072	2.5878992	168.3731	1.4272568	1.3461097	-0.048639904	-0.12955451
1345	5.8272153	-0.10427357	0.20193741	193.99659	2.0250651	1.8513207	0.024971335	0.026396821
1347	4.7855098	-0.26717794	0.37773164	445.49621	2.4218659	1.5196291	0.035369557	-0.32096243
1350	1.8025028	-0.89318923	2.9398608	211.64762	1.4054443	1.2850425	0.07000111	0.13087875
1375	0.13108602	-1.2286131	0.69520058	358.13876	2.0741245	1.8047633	-0.092626253	0.23761728
1391	5.1692159	-1.3548289	1.3351196	135.38159	1.786461	1.6445036	0.02894077	-0.031595837
1396	3.8800458	0.05895491	2.5211609	173.87376	1.9732936	1.9062222	-0.010143997	-0.075836594
1399	1.8581679	0.0157684	0.2773876	82.273829	1.8048853	1.1582004	0.11460248	0.093968831
1416	1.7060581	0.42864084	0.56431223	218.96319	1.5291058	1.5137735	0.0068106778	-0.074889152
1425	1.9435836	0.532535	2.9811649	73.977962	1.28161	1.2456176	0.01538692	-0.0058833845
1450	2.1348968	-0.80313877	2.2267276	140.39602	1.6187926	1.3871761	0.047353383	-0.1224329
1469	4.9437302	0.7539296	2.1166271	77.749472	1.5797266	1.3276298	0.017641091	0.078903955
1474	0.078413756	0.224808	0.25741628	311.4095	1.9400777	1.2821999	-0.04283281	0.079761151
1480	0.15880168	-1.2628067	2.0189501	113.80738	1.3274292	1.2892194	-0.22404251	-0.033653268
1481	3.2673527	-0.10926847	0.49711938	339.01399	2.143335	2.0719589	-0.0023532539	-0.091028113
1483	3.4655891	0.63173807	1.4865277	188.66912	1.7146111	1.643695	0.0086545481	0.10560289
1509	1.2114305	-0.6324195	2.4411443	138.62916	2.757859	2.6861788	0.60127482	-0.43789153
1516	1.3761451	0.85463459	0.53580575	205.29121	2.6476959	1.8292905	-0.12335246	0.081175659
1520	5.2586311	0.33955527	1.4063794	35.229743	1.8409892	1.3770854	0.013100876	-0.13420885
1526	1.3236342	0.54499077	2.5391706	314.96148	2.6100945	1.3442999	0.18045506	0.16377578
1552	3.2689618	0.12197653	1.5460239	82.868368	2.6813488	2.1580244	-0.0070394385	0.1349253
1553	1.6883313	-0.015895292	2.4734063	215.75316	2.2080814	1.6191258	0.32341598	-0.026941268
1605	4.4374088	-1.016525	0.53954658	201.66598	2.2601101	1.9799822	0.07331255	0.048644946
1610	4.8090345	-0.55669088	0.90324487	244.65987	1.848665	1.5602351	0.29992278	0.18288647
1649	1.1971601	0.65193378	0.39412742	751.66008	2.4834686	1.562431	0.13316951	-0.25975886
1651	0.92100623	0.75430823	2.60021	253.68762	2.3505395	2.018962	-0.066913217	0.1117094
1673	4.5784431	0.16456453	2.9096965	171.80431	2.0126092	1.2512556	0.24628098	0.10514445
1685	4.6605849	-1.2968143	0.71012957	169.20818	1.603977	1.3652703	-0.044294416	0.038506008
1689	4.4044507	-1.2438625	2.5430356	194.45712	1.5578775	1.4945146	0.042944114	0.0046136155
1709	3.2863088	-0.34478848	1.5442047	75.287589	2.3641395	2.1003929	0.10563468	-0.20666335
1711	0.70857453	0.876189	2.4767367	320.60197	2.2143467	2.1414917	-0.00052590291	-0.012030613
1713	5.5789414	-1.0471449	2.2986898	195.13468	1.8915591	1.8090184	-0.12528234	0.026698628
1726	1.5243058	0.31974618	2.6820286	354.73415	1.7753696	1.3432984	0.073821069	-0.11403095
1757	5.4041327	-0.86218028	0.52020889	99.181105	2.807443	1.2708386	-0.44090833	0.045169274
1774	3.9944102	1.4894417	0.38649503	430.82359	2.520798	1.7307779	0.005577599	0.05662228
1789	2.6577165	0.81635032	0.80172943	254.2554	2.1355241	1.5840079	-0.37972966	-0.081602647
1796	2.3138404	-0.21525219	1.2574531	82.29189	1.9109298	1.7559584	0.12739912	-0.04145263
1801	5.6766608	0.57362519	2.6665884	158.45411	1.4520977	1.3658902	-0.015135814	-0.0012844291
1802	3.9575667	-0.40500685	2.9175496	185.11356	2.0895678	1.9682186	-0.023355232	-0.11087106
1836	1.0285218	0.88012909	2.8299982	348.96626	2.2664979	2.2638745	0.062921002	0.2984494
1840	4.651776	-0.7265923	2.3598186	299.51038	2.2038849	2.1909744	-0.097706274	-0.10693814
1899	1.4289458	0.40482866	2.4401832	126.09465	1.711555	1.3669596	0.0172215	-0.078482202
1915	3.8256465	-0.98835213	2.7559847	400.06924	1.4705715	1.4381204	-0.12094525	-0.034359135
1935	0.20243004	0.52395574	1.2011677	102.45019	2.6482819	1.2575658	-0.37414779	-0.040172987
1950	3.0328347	1.2674505	0.091690376	208.28493	2.1049767	1.9963971	0.0010486638	0.085173815
1962	1.827616	0.8935919	2.2778731	161.67022	1.9298674	1.3760041	-0.0051343599	-0.17303435
1963	2.0278255	1.2075781	0.81750116	151.34853	1.5154302	1.3635114	-0.11247546	0.15488066
1988	1.2739749	0.951561	0.79538862	145.66364	1.5252681	1.4317952	0.045356197	-0.0024789343
1999	0.27323478	-0.52040591	2.0895913	223.16351	2.2383077	1.6624568	-0.14589376	-0.12811225
2015	1.0212189	0.42876275	2.6727438	318.71981	1.3172172	1.2740791	0.10826639	-0.085951099
2044	0.72449459	-1.1197404	2.4745977	193.23229	1.4923959	1.4024068	-0.0058465362	0.22982798
2073	4.7077599	-0.81955829	2.0917197	270.09921	2.1357285	1.8446253	-0.10798614	-0.031509542
2095	2.6799977	0.91583666	2.8689696	345.37693	2.4334084	1.3010659	-0.019211145	0.068708978
2120	1.1575599	0.73737674	2.2627191	224.20009	2.8481247	1.3780939	0.0050623782	-0.13551876
2126	1.6585804	-0.78389629	2.7490815	413.50487	2.3581805	2.1242191	-0.03942667	0.19921301
2141	0.0034038988	0.71178088	1.719626	116.03014	2.3867084	2.0999765	0.18571239	0.052400109
2144	5.3336145	-0.64246078	0.95247871	166.24538	2.0296519	1.6872508	-0.0079711693	-0.097794306
2145	2.1492623	-0.41103914	1.9775568	239.75178	2.0963872	1.7924378	0.0569714	-0.13231809
2161	0.72932518	0.76853439	2.5919435	374.64354	2.1150241	1.7528219	0.11653907	-0.05351001
2171	2.110974	-0.3606824	0.65702184	156.16268	1.7835005	1.2844268	-0.082457715	-0.0058285553
2172	4.6213889	0.55833951	1.8399395	192.88465	2.0492443	1.2837276	-0.066897249	-0.021650355
2198	1.999405	-1.1511067	0.67521684	360.87662	2.619766	2.5011184	-0.062637516	0.058560641
2214	5.81752	0.88829227	0.42496996	230.48902	2.6706533	1.6857558	0.20063602	0.10447278
2229	5.236917	0.84923673	2.1052533	150.11061	2.0487516	2.0082237	-0.15769727	0.17966448
2235	4.1110091	0.28205368	2.984701	195.03371	1.4763402	1.3343392	-0.070960665	-0.091732036
2238	0.97055042	1.1647784	2.4035373	614.71831	3.0307646	2.4476618	0.081944214	0.079006147
2249	4.6069029	-0.25667519	2.3516191	177.06868	2.8217914	1.7010396	-0.096218942	0.17229305
2307	2.131356	-0.47229601	2.5101193	340.59935	1.9271982	1.7970264	-0.0057635983	0.32253365
2311	1.1663444	-0.17268877	0.17786558	330.33664	1.6881249	1.595646	0.17614327	0.047269083
2317	3.13083	-0.019590453	0.6770777	473.88965	1.9093755	1.7328477	-0.025928324	0.13495505
2344	5.8873758	0.76013408	1.1296629	90.136095	1.8105565	1.4499145	-0.035029314	-0.10965495
2361	3.1523261	0.33925665	1.9890369	178.5514	2.305812	2.2531856	-0.065007184	-0.0035546057
2385	4.352725	-0.20932182	2.475205	134.37253	1.8950839	1.5239607	0.016517521	0.16816039
2412	2.3600956	-0.10212196	2.3242887	176.90233	1.6621453	1.6072653	0.079146028	-0.13952705
2446	0.077548815	-0.45927487	0.076843292	268.76615	2.3048007	2.222431	-0.2104943	-0.14876738
2455	5.618555	0.61664613	0.54588764	216.83494	1.835172	1.6324489	0.12603098	-0.14388272
2465	4.7658221	0.90961017	0.86144146	103.72808	2.7426319	2.4899851	0.035366228	-0.017146099
2476	0.71523952	0.20186047	0.36665032	317.46632	1.6221622	1.4855753	0.025753427	-0.017057427
2482	1.3637744	-0.39944072	0.29070263	216.87497	2.1612392	1.4880306	-0.062190534	0.012247629
2495	3.6245977	0.90728988	2.4835798	341.58731	2.4560131	2.2552727	-0.15989726	-0.27358536
2496	4.5754328	-0.0031597928	1.8469245	258.70291	2.7376266	1.8617214	0.028629288	-0.0214346
2498	1.8325832	1.1408107	1.5128762	139.5912	1.8499327	1.3640882	0.062522669	-0.091246754
2507	5.7780318	-0.41580468	2.8531308	557.90609	1.4890154	1.413984	0.00060265224	0.29225035
2509	0.80982434	0.12011835	0.49566862	123.71495	1.6204914	1.4550202	-0.1419638	-0.042595643
2517	4.4871582	-0.87112911	0.5709266	198.20997	2.7225155	2.4996647	-0.079336372	-0.037282267
2521	6.111403	0.8771417	0.58393834	179.68496	2.0412129	2.0041002	0.012370219	0.04638979
2524	4.9764232	0.4219977	2.6757629	183.80106	1.4368401	1.385532	0.038039128	0.064244623
2525	1.0679859	-0.95319689	2.6548691	330.54303	2.126985	2.1212344	-0.098566821	-0.08102977
2543	2.602259	-0.027067084	0.25168223	393.61824	2.7015647	1.9816987	-0.090655713	0.18854855
2544	1.2176255	0.47774108	2.4158976	184.31521	1.9043381	1.7323574	-0.074706811	0.083181537
2604	3.7851281	-0.98436024	0.41366292	314.4757	1.6316123	1.6162201	0.013865364	0.36135474
2607	5.259609	0.84438703	0.52681903	223.43266	2.0833782	1.7044958	-0.12318881	0.065292376
2608	1.9528207	-0.19139042	0.56358141	414.18784	2.1532147	2.0985387	0.34903463	-0.0030601759
2635	4.0501979	0.63152129	2.6133313	250.93265	2.0074258	1.580249	0.21554054	-0.11506586
2681	2.3956942	1.2112369	0.30654475	43.393153	1.7682167	1.3383503	0.010209408	-0.060160942
2689	0.082541707	-0.75667565	2.8474283	351.85579	1.6062723	1.322944	0.073349811	0.024876689
2697	5.5262749	0.29359639	0.56983896	368.51325	2.5492447	2.4330155	-0.045194995	0.28422295
2721	0.38040081	-0.89353286	2.4545684	244.07406	2.0009457	1.7316867	0.064751634	0.0040191997
2746	2.4492133	-0.74253561	2.8678688	166.19402	2.695336	1.6657467	0.40136512	0.073783112
2750	0.24563885	-1.3581839	2.4914663	351.80768	2.5567164	2.3459816	0.018118389	-0.088507095
2782	2.4622729	0.097478584	2.9270664	124.97338	1.5122091	1.3773296	-0.094877821	0.028125704
2798	4.0498041	0.16835522	1.9252424	79.956539	2.289315	2.1260038	-0.052110938	-0.020407517
2803	4.6369339	-0.68720388	2.3804259	180.27408	1.5046699	1.3428873	0.0057622143	-0.016985534
2815	0.10981579	-0.53539419	2.8279495	58.665793	1.825492	1.2751164	0.16146402	0.0076261187
2816	5.3313428	0.056405	1.7040322	286.91072	2.4603338	1.7567628	-0.032729443	-0.07833913
2825	1.0351946	-0.52505448	2.5940963	121.21187	2.3771045	1.5000924	0.025231861	-0.030173769
2827	4.5483751	1.3921488	2.4814447	290.46092	1.4286425	1.2282373	0.18856335	-0.14297
2830	4.3140167	0.54304834	0.96083533	195.5627	1.665979	1.347428	-0.024865741	0.1298449
2836	1.0334248	-0.19423854	0.18115168	163.87379	1.9808136	1.2005131	-0.030684191	0.0063931582
2846	1.9452875	0.79773721	0.92811706	242.27919	2.3637351	1.9091346	-0.04329105	-0.0036453962
2853	3.3929633	-1.2949641	2.5524914	310.83991	1.7022179	1.3566017	-0.032702232	-0.22247049
2860	3.7700649	-0.018138615	2.0508018	256.79305	1.832464	1.7866773	0.23762895	0.016625989
2881	5.415534	0.42053177	0.43822878	275.11829	1.9276526	1.5406159	-0.11955709	-0.11116481
2887	3.2030315	-0.29701452	0.6591825	148.33616	1.3967706	1.3899241	0.15806171	-0.24074256
2902	3.5340655	0.096060368	0.80196531	306.61279	1.5158529	1.3476225	0.17329446	-0.049046733
2915	4.8021565	0.022645542	2.5679551	389.49516	2.0434182	1.6407072	0.074178119	-0.086058862
2927	3.0516512	0.71416832	0.20465482	409.12202	2.8684576	2.8186267	-0.087185224	-0.048519001
2961	1.4307079	0.96796501	2.7073554	63.11132	1.4979074	1.2005734	0.14970584	-0.18750941
2981	4.1695265	-0.32611452	2.947926	271.13035	2.6546326	2.0051937	-0.41770564	-0.2470346
3015	1.9926201	-0.53958284	0.4051814	230.10158	2.3075426	1.5958087	-0.00014939713	0.015458776
3046	4.6215035	0.85302981	0.13770723	203.91841	2.1840363	2.1095286	0.012704201	0.11675999
3062	0.46563402	-0.74231419	2.4581028	82.397109	1.1951099	1.1719555	-0.082986448	-0.10015674
3067	5.8002328	0.32242924	2.2059959	330.40965	2.236864	1.7519558	0.036429438	-0.15148576
3077	4.5670144	0.50655009	2.1109101	320.5984	2.318797	2.2118227	0.12278675	0.35761738
3103	4.9635336	0.51398966	0.99324305	67.225049	2.0817115	1.2960696	0.092384507	-0.32886469
3104	5.9885184	0.74223178	0.99392555	212.5045	2.3498105	1.9494116	-0.011928406	-0.27729568
3106	1.2714794	-0.23075124	0.48589612	313.88571	1.7780824	1.5960809	0.15317402	0.054964648
3119	1.9900912	-0.64068998	0.77647082	279.53914	1.4244531	1.3164607	-0.18444791	0.024350219
3143	5.2458212	0.97546698	3.0029379	150.56059	2.6697684	2.2845424	-0.81030942	0.079628714
3144	5.6107389	-0.73728008	1.0570637	189.25788	2.1236058	1.8604755	0.013785576	-0.0084909554
3153	1.6098437	0.14625536	2.7088828	174.15483	2.4582134	2.2002592	0.023846841	0.091982312
3168	5.2149085	-0.48232104	0.31624673	254.79928	1.8953042	1.5252448	-0.22641719	-0.19513331
3181	1.9523441	0.48009621	0.59991814	306.55545	1.8891275	1.7027037	0.13127329	-0.20812512
3197	6.0005315	-0.26479146	0.93860694	146.36955	1.5210727	1.3725939	0.23533083	-0.078095419
3201	1.6181569	0.45173565	2.3026392	81.566642	1.752069	1.5487381	0.24590164	-0.099954366
3212	6.0215215	0.59982914	0.70039051	289.94182	1.9208928	1.324459	0.063211115	0.057904451
3240	3.9648326	1.1499004	0.5217395	375.92028	2.1919642	2.0463631	-0.15709673	-0.0021727169
3246	1.8439086	1.3103602	2.3044461	98.788262	2.1294233	1.4294095	-0.14291058	0.35516742
3265	6.1405432	0.10626306	2.7112264	96.695151	2.5188624	1.2744712	0.013573476	-0.092648046
3270	6.2615388	0.061375404	2.7602759	128.34229	1.9504142	1.3215867	0.0070709043	0.018922246
3282	4.6833475	-0.39041642	2.5286352	181.31263	2.5958849	2.0152468	0.0056734103	0.02180437
3283	2.4804834	-0.098091907	1.293665	272.70038	2.8978712	2.0469835	0.0032199071	0.085634803
3312	0.42029211	0.86229999	2.6452459	417.41868	1.5655759	1.4824684	0.02362251	-0.22266713
3315	4.4905265	-0.30444877	2.488111	168.49073	1.677486	1.2068554	0.054802819	0.34535984
3324	3.6563494	0.78905431	2.5063055	227.39553	1.4303826	1.3562933	0.23175216	-0.12284808
3326	1.0045023	-0.24854718	0.69962187	247.96004	2.0746877	1.3167459	0.32119874	0.018458646
3329	0.045345768	0.094732064	0.94232398	241.45681	2.3492502	1.6842079	-0.078356365	0.27239389
3340	0.77545053	-0.17770287	2.0023032	178.14458	2.778825	2.3379441	-0.41302022	-0.18226816
3347	3.3004701	-0.51702545	0.81236856	58.67465	2.3877276	1.7215721	-0.16277486	-0.11315297
3350	3.8374593	0.84740933	2.4454035	183.46112	2.2557708	1.8279886	0.0003848128	-0.099907489
3355	0.12028456	-0.25230182	0.74000548	229.86656	2.6714401	1.7571756	-0.38164956	0.029565064
3367	0.91555365	0.14069836	0.5206599	133.63991	1.7952856	1.3376986	0.042177887	-0.14712591
3368	0.68681903	0.56448937	2.9413593	199.91086	1.9596224	1.7802811	0.05821272	-0.2731016
3395	3.229972	-0.54111362	0.3948827	265.04598	1.9747765	1.6670516	-0.013386053	0.025480149
3396	5.6793715	-1.0937095	0.42560323	265.06078	2.5334772	1.6717436	0.25997246	0.04595899
3400	6.1599071	-0.63943822	0.33550838	362.25929	3.1249397	2.1222045	0.12492782	-0.0051392884
3403	5.5905414	-0.75090351	0.30424203	369.25511	1.9716613	1.8086283	-0.1488479	0.099748674
3404	2.2661382	-0.043771615	2.6971994	349.80618	1.9213416	1.6404814	0.29053532	-0.22140192
3421	4.3951618	0.12628948	2.5350011	148.15571	2.6512789	1.7854831	-0.18561979	-0.00056934378
3422	2.3784859	0.25351372	0.68841728	42.397761	1.6360813	1.3663813	-0.11937506	-0.047024944
3430	6.2659303	-1.162926	2.960853	466.43014	2.8775037	2.7364319	-0.088304436	-0.0022907013
3431	3.9235655	1.193116	1.2444798	142.43189	1.6209387	1.5737638	-0.019929022	0.1822037
3442	6.1939148	-0.60819577	0.80228519	303.21115	1.7068453	1.4145624	-0.084619046	0.028454586
3449	5.0712295	-0.55123336	1.901755	170.16573	1.3718319	1.3397811	0.029635029	-0.21939938
3455	3.7317402	0.49333243	2.0732924	97.755755	1.5129549	1.4332061	-0.01426762	0.23779998
3459	0.90774744	-0.093933857	0.89213624	91.116916	2.7063175	1.9933541	0.74184638	-0.28636336
3482	1.9315632	-0.46626489	1.632007	47.540064	1.7191316	1.2320963	0.04977799	-0.015275687
3507	5.5183166	-0.32147653	2.5285886	149.80656	1.6920909	1.5823704	0.020032039	0.11216244
3523	2.5629064	-1.3465806	1.9024927	199.34335	2.7621364	2.1985679	0.035517847	-0.029484208
3528	1.2349547	-0.095534458	2.3725664	324.75809	1.6804908	1.5795472	-0.0084846927	0.23068114
3529	2.1624566	1.2283186	2.9825015	277.2776	2.697608	1.361434	-0.28179426	0.014057968
3543	4.539576	-1.0000836	1.6456088	167.99206	2.7096089	2.489087	0.20949355	-0.033251241
3545	4.1876312	0.47911753	2.8469712	541.02838	1.7624004	1.2845887	-0.0057188184	0.0086674748
3567	3.9032352	0.24173203	0.78444483	319.26193	2.2567055	1.5437701	-0.23441709	0.24660251
3576	0.92088574	0.53883783	2.5490138	460.74965	2.7971235	1.5539189	-0.82436762	0.0037905457
3584	4.0355752	-0.45265451	0.1469732	221.47364	2.4484285	1.6647421	-0.15486709	-0.097564768
3603	4.9408212	0.93126992	0.63122757	233.93062	2.6399995	1.7898721	-0.035021413	-0.014371568
3608	6.1890789	0.83698733	0.56396163	267.35681	2.50589	1.3325592	0.28605988	0.010449914
3623	3.0525567	1.0034372	0.49296806	130.80137	1.9426462	1.3258497	-0.10776161	0.10108191
3635	1.5470606	1.3104525	2.2470492	241.39497	2.0241121	1.6063191	0.010329576	0.14520665
3644	3.3344019	-0.42891111	2.6461937	246.003	2.2720284	2.228051	-0.052036693	0.22276113
3677	3.3905993	0.68507224	2.6231829	414.40364	3.1432894	2.6229696	0.19634494	0.23236667
3687	1.7439676	0.2917371	1.7489251	165.83704	2.5867406	2.1069934	-0.044981762	-0.17446517
3708	0.4532823	0.66414172	2.2123242	211.75639	1.8550999	1.804564	-0.28845041	0.016216687
3710	0.76223409	-0.22812668	2.15063	275.10725	2.0350278	1.5065442	-0.069668951	0.21126009
3726	2.4329787	-0.59071085	1.3373469	304.06755	2.0421857	1.9858904	-0.06538261	0.07942871
3728	5.8689565	-0.58194017	2.4774793	370.11457	1.8193481	1.3190416	-0.065254294	-0.015076143
3735	3.4814032	0.61681576	0.57330906	241.727	2.3309541	1.2718614	0.010898718	-0.034036998
3760	5.0036323	-0.30081296	0.099035055	240.79706	1.5385846	1.3553025	-0.016693286	-0.00041831071
3766	5.8795599	-0.68680363	0.72928788	164.70961	1.6127789	1.2961007	0.01540661	-0.0059508288
3775	0.83787475	-0.5648719	0.51224103	321.89471	2.2217616	1.3294376	0.025074401	-0.039207907
3795	5.4636732	-1.0435284	2.3561078	203.99093	2.5069317	2.4363074	-0.32336809	-0.19861363
3809	1.7007133	0.11107908	0.70709824	232.22939	2.4618935	1.4889244	0.19952848	0.022866038
3814	2.9408596	0.50854621	0.66275003	272.35178	2.5024611	2.3863057	-0.22205446	0.012912178
3815	0.62455344	-1.1409014	0.56132442	312.66041	2.2884837	1.7948605	-0.34316059	-0.20663029
3830	2.9083657	-0.57347397	0.23774838	253.78908	2.2152543	1.2856835	-0.098288057	0.09919689
3842	0.79347307	-1.1335422	0.39549378	404.96142	2.0686328	1.9210245	0.17971433	-0.11239937
3855	6.1056994	0.63333212	0.048231766	260.80786	1.8048858	1.3038199	0.20294989	-0.074028705
3861	2.4069345	0.36641432	2.6448465	472.49059	2.0155661	1.7129203	0.13125889	-0.064280555
3865	0.85740393	-0.47615535	1.3498474	209.18121	2.3380856	2.0229897	0.13159382	-0.091688113
3866	1.1371263	0.16005667	2.7026101	251.13042	2.3014456	2.2007296	0.025602778	0.074224233
3871	4.2604369	0.60303677	0.62169308	232.56163	2.8795568	1.757955	0.00033862886	-0.16076827
3877	2.1945492	-0.17082987	0.65412334	193.11322	1.7804905	1.3513131	-0.12198824	-0.025831054
3906	4.816842	-0.79070384	3.002836	394.59236	2.621531	2.3654049	0.25209419	-0.22019774
3931	0.27395699	-0.58187005	2.5951836	145.30123	1.5062865	1.5056563	0.098229076	0.025078508
3953	1.8830374	-0.03802473	2.473125	287.52881	2.5509887	1.7018699	-0.30828353	-0.057632703
3967	0.94053692	0.44862241	0.59542849	171.35362	1.4523102	1.340373	0.0076548629	0.064666824
3978	2.5559373	0.17134726	0.75314618	248.00961	2.4417974	2.382196	-0.20252869	-0.25286802
3979	4.661556	0.56974168	0.64566741	385.7838	2.2941004	1.72381	-0.033916717	0.29270146
3987	5.6663835	-0.42804095	0.8147328	371.64882	1.7987737	1.4535441	-0.090979405	0.14848496
3989	1.9979092	0.039906209	0.9289787	95.48392	2.3076957	1.5415378	-0.064659307	-0.0064277135
3995	4.1753556	0.11572929	0.68633859	297.91906	2.9134259	1.7267233	0.10372959	-0.21840392
4006	5.2576699	1.4085946	0.73698094	119.12156	2.3270777	1.7069399	0.16605039	0.32876744
4014	2.4623531	0.31609676	2.9185268	149.29799	2.5130249	1.8395899	0.29036243	-0.21392687
4015	0.96416852	-0.99679862	0.99784352	182.40067	1.932172	1.616237	0.32986006	-0.36205471
4034	2.3207629	-0.46842225	1.1805396	291.25932	2.2829098	1.9086344	-0.0091602943	-0.00099789016
4065	5.4157247	0.2565629	0.25818943	235.05985	1.5299546	1.2324844	-0.054151225	0.26677974
4069	2.9924148	-0.18780849	0.6473858	490.95256	2.8199747	2.4777153	-0.15007196	0.0075363559
4095	2.068916	-0.89419903	2.5956365	735.56669	3.146047	3.0831751	-0.12406144	-0.032229425
4102	5.1230274	0.67456702	0.30727089	328.3011	1.298592	1.2561082	0.014846877	-0.074883539
4104	1.563286	0.12178092	0.47909561	145.34061	2.7060327	2.270332	-0.18320239	0.084657561
4106	2.5539261	-0.42335269	0.46025154	356.04773	2.4057855	2.1770633	-0.0049464624	-0.0093161238
4112	0.19602281	0.53504955	2.6899584	115.10432	1.4105344	1.2415832	0.23250752	-0.27490159
4142	3.6614016	1.3307234	1.8139128	161.97457	2.0154354	1.715731	0.013345553	-0.11493942
4182	2.3310489	0.46374923	0.75588321	168.06846	1.7990472	1.1538705	0.23098975	0.0029947861
4191	5.9723098	0.15956381	2.8699899	189.45396	1.7384952	1.6502631	-0.025249896	-0.026891057
4202	0.67878368	-0.44150996	2.8155429	430.02681	2.0110928	1.8500085	0.063648224	0.061488903
4211	1.9204938	-0.81621032	0.92880515	354.51946	2.3389299	1.4663833	-0.22085011	0.18603057
4224	0.23483458	0.77241612	2.5631681	315.9242	1.8020966	1.6131772	-0.0080304287	-0.15614276
4233	4.8517898	0.27531663	2.3026459	317.34338	1.793111	1.6911024	-0.23419415	0.092728995
4235	1.3246246	-0.88320322	0.52693422	329.72828	2.3590791	2.282375	0.017860343	0.065357645
4236	5.7906442	-0.029061714	2.4533985	250.60312	2.7049509	2.2387174	0.26571117	0.14324393
4286	3.6185762	0.90233591	2.4828923	313.26277	2.5888347	2.2296118	0.019728431	0.0054069393
4288	3.7209621	-0.35029127	2.5538386	388.911	2.0565368	1.6577164	-0.068939926	0.18787301
4319	5.1618074	0.60473125	0.92504554	120.49235	1.7933557	1.3148559	-0.15661831	0.023551424
4341	0.4715505	-1.3852541	2.0132088	124.29734	1.3627908	1.3294214	0.012887309	-0.23861901
4343	5.1260508	0.55587943	2.2351736	222.3116	2.3398413	1.7676221	0.038531852	-0.19395063
4348	4.930932	-0.24278807	0.79767016	248.58866	2.0806613	1.8793872	0.012795373	-0.27013375
4360	1.1305301	-0.19711236	0.87036905	214.85905	2.0659263	1.7993081	-0.16321935	-0.34056812
4373	5.7180145	-0.69324714	1.1556091	82.921502	1.6206386	1.408776	-0.014734316	-0.12225081
4381	1.3966033	-0.66789093	2.9890953	301.77486	1.9219518	1.2902263	-0.073878602	-0.36138638
4425	0.2982628	-0.80532884	2.6268305	249.87721	1.4118103	1.2948286	0.12622336	-0.029971393
4428	0.33236119	-0.16780067	1.2949626	155.65529	1.6907911	1.5749424	-0.0090071144	-0.12135385
4439	1.5607356	0.49641401	2.3853244	242.63177	2.5969676	1.31097	-0.10089754	0.27015299
4454	3.2746948	0.056227323	2.6985535	464.8197	2.4240909	1.7076259	-0.1237158	-0.19527653
4473	5.8233012	0.66723898	2.6006054	220.33308	2.5121591	2.3455834	0.0082373915	0.14445607
4491	3.5108333	-0.18762344	2.4080669	133.54972	1.9107824	1.2353441	-0.09522691	-0.22819444
4492	3.4595954	-0.85310271	2.5095073	293.01168	1.4911715	1.3341351	0.049372401	-0.015126564
4493	1.3315666	-0.65029375	0.14042475	282.18161	1.347158	1.3301654	0.0042394285	-0.26640882
4501	1.1862671	0.47639298	2.8746522	188.61638	2.1731417	1.3338763	-0.053225595	-0.042744415
4503	5.0298178	0.031030264	2.1797778	159.69055	1.9188838	1.3596013	0.24447034	-0.08782116
4504	0.22972982	-0.17758491	0.14125651	137.27828	2.081631	1.327875	-0.05113863	0.17124003
4509	4.4228741	-0.25465767	2.7235794	157.96381	1.3764435	1.3577226	0.21710012	-0.29592705
4514	3.8200415	-0.69558201	2.0149913	179.73321	1.804696	1.6200056	-0.066983819	0.1295584
4521	3.625657	-1.0480361	0.52598153	271.29334	1.9429587	1.7366267	0.033601157	0.13008574
4532	2.065407	-0.92682091	2.1864247	217.86541	1.6233945	1.3807901	0.090648108	0.16058488
4536	5.4286519	0.31288301	3.0647529	492.95823	2.4367302	1.5551296	-0.0082407152	-0.091055135
4553	5.7427719	0.63591621	0.868346	193.20342	2.5346381	1.4411217	0.025400475	0.14587957
4556	3.9217123	0.087265997	0.49544225	272.33462	2.8908799	2.1877711	-0.68860049	-0.21377254
4567	2.6707477	1.54865	0.28766061	317.43546	1.4841075	1.4350856	-0.21211926	-0.15763134
4569	0.085090974	-0.18648647	2.097233	100.69463	2.0887416	1.5199197	-0.016198795	-0.15288601
4572	4.0701524	0.51177048	2.801624	215.90865	2.4538923	2.2838559	-0.090641711	-0.11093782
4579	1.7044265	0.20734663	0.69245234	187.07198	1.8187217	1.2200003	0.10625778	0.044335411
4580	4.7053694	0.61731194	1.1657045	180.29333	1.7178836	1.4021062	0.0044593806	0.03621003
4592	5.4395384	-0.54278086	2.1702003	169.84002	2.8561236	1.772681	0.20730305	-0.077243147
4601	5.5821	0.89664674	0.75664841	270.10992	1.9148048	1.6317632	0.023718958	-0.021869197
4605	0.70294099	-0.8562148	2.4727876	90.392796	1.7458201	1.3759726	0.07499912	-0.21532498
4619	2.6412296	0.64936938	2.362651	381.62644	2.3153936	2.0177594	-0.11267041	-0.018838662
4665	5.2441658	-0.39910025	0.58741787	103.68392	1.8180477	1.3077014	0.006192051	0.27202285
4668	0.0055333195	-0.63672551	0.54452131	983.35489	2.1283379	1.6271683	-0.099036172	-0.0047276707
4672	2.131094	0.38163012	0.24707967	402.43625	2.5514088	1.6601566	-0.0014816269	-0.013909444
4700	0.25163422	-0.35427731	2.2060541	464.46876	1.7239553	1.6738104	0.038992731	0.061992606
4704	6.2632404	0.87825546	0.5182888	192.99586	1.9859853	1.4826327	-0.31344998	0.022888089
4706	0.68549461	-1.2359082	2.2662509	385.09512	2.4364701	2.0769365	0.17860889	0.16138146
4710	0.0089220066	-0.40476499	0.34191077	251.40664	1.7133211	1.5833697	0.076606834	-0.045784068
4715	0.38538269	-0.35752299	2.4092285	660.50481	3.1043003	2.2911041	-0.32186017	-0.084520919
4731	3.3375928	0.46530173	2.5504948	335.02386	2.1086795	1.5032921	0.0034665873	0.0021014589
4744	5.8123349	-0.48084998	0.49378251	344.01961	2.8452222	2.687123	0.92394665	-0.039818016
4746	4.0598618	-0.76723839	2.5216765	253.8201	2.7061737	1.7501996	0.23669096	0.063894246
4757	3.3709311	-1.1457263	0.51026884	222.05757	2.7519982	2.1557786	0.17610397	0.30833437
4761	2.8897492	-0.62011313	2.4818131	300.66973	2.095523	1.4019511	0.03295384	0.011413181
4766	0.38929708	0.17763284	2.2115471	167.0067	2.8195053	1.2957492	0.57521256	0.040914642
4773	5.5799865	-0.17733367	0.72900299	251.00022	2.1803678	1.464681	-0.0039336918	0.020749536
4788	4.340095	0.032438198	0.69060269	149.70524	1.4607429	1.3343496	0.00068358157	0.052298851
4797	4.0272293	0.20958816	2.7650996	224.18659	2.0312681	1.9919015	-0.23475752	0.018732956
4818	0.82688897	-0.57213947	2.9387788	372.73804	2.6046098	1.7750279	0.11033684	0.081868088
4820	5.1872842	0.6055642	0.91033987	250.25335	1.4504526	1.3807831	-0.19262468	-0.01463399
4821	4.7695195	-0.98064532	2.5147532	688.66216	2.2099143	1.9951007	0.12042936	0.034833179
4840	6.1460185	-0.50440846	2.2114366	96.495324	1.8914868	1.6371324	-0.046002979	-0.0011950204
4842	5.5045378	-0.8853808	2.6900659	489.20965	1.8005867	1.4504236	-0.092791212	0.052247391
4863	2.2612974	-0.27267941	2.2370279	163.33642	2.682682	1.8737903	-0.56008298	-0.0046651014
4864	3.8121625	0.20605521	2.6579109	448.76742	2.319211	2.2261393	-0.045106124	0.02943266
4876	5.0539307	0.080948278	2.7605926	180.11652	1.249623	1.2346111	-0.041636953	0.16156661
4878	0.084617621	-1.4043298	2.9001158	162.67467	2.4306461	2.1273315	0.23155191	0.040414241
4883	3.2532303	-0.63704969	2.5763074	249.05821	1.9235542	1.4012039	-0.07906078	0.13990769
4902	1.9087481	-0.93189565	1.885898	105.43519	2.1415093	1.6075469	-0.075353872	0.0052998188
4904	4.376374	-1.5135863	0.35977181	51.572379	2.40707	1.7138474	-0.14061974	0.20708192
4906	5.3655799	0.5353731	2.3696693	128.69769	1.6954416	1.3449418	0.14383461	-0.07725153
4913	3.1528219	-0.43266841	0.33265821	72.269711	1.4695565	1.3312334	-0.025444026	-0.052128022
4927	0.9096674	0.44842492	0.92863452	386.12301	2.631083	1.9936478	0.086097111	0.3440594
4931	5.3328933	0.38159727	0.99544911	109.08192	1.6691116	1.2431937	-0.02636793	0.0019949542
4939	4.8575516	-0.027010072	2.4108227	198.19763	1.7801706	1.3593427	0.087339902	0.26581802
4945	3.4810211	-0.64340604	2.7742149	435.7233	2.5833894	2.3153969	0.2434293	-0.019753923
4965	4.0190425	0.18331698	0.47987462	146.49639	2.0739615	1.8388111	-0.0097275425	0.027367311
4988	4.6977618	-0.062858742	1.998632	157.85599	2.4767298	1.8417411	0.12768662	0.056835073
5001	0.88086336	0.35463534	2.6504707	265.18916	2.0842549	1.5302375	0.020598465	0.064155267
5022	0.68669431	1.0426724	0.64354578	189.59501	2.8923572	1.6945589	-0.57859423	0.069722141
5027	3.7418858	-0.37591202	0.72469227	243.13718	2.045998	1.3640328	-0.098515833	-0.077764698
5043	4.2342113	-0.32116005	2.6717044	403.03832	2.4709723	2.1159692	-0.15778877	-0.026288972
5048	2.6981289	0.82491821	2.631621	430.01135	2.7902265	2.7322479	0.39351686	-0.040752057
5078	3.0252105	0.16342306	0.12920596	603.73189	3.0362459	2.5082189	-0.11464257	-0.012764688
5080	2.8645697	-1.1084269	0.62792792	198.01902	2.6000789	2.3692603	-0.028748415	-0.025800741
5081	5.9482054	-0.50894133	1.9299893	166.26216	2.5273324	1.5064483	0.038803866	0.15830984
5082	6.2713994	0.55567	1.5748236	97.137756	1.5863338	1.3331826	0.017641091	0.078903955
5086	3.5235569	-0.16710398	2.5349308	194.69621	1.9476767	1.9038787	-0.022807409	-0.025029598
5095	4.7522698	0.20316661	0.58656812	580.15419	2.5690606	1.6855379	-0.20823473	-0.1052481
5097	6.0517281	0.31178863	2.2181704	304.68951	2.7244388	1.4093653	0.090980646	0.10943796
5116	2.9087316	0.37028248	2.0734437	197.96169	1.6042261	1.2153717	0.22658525	0.025439064
5124	1.2302382	0.0080588765	0.68248573	261.25607	1.2918303	1.1882823	-0.14155139	0.10819549
5127	1.3458627	-0.60968787	0.52796174	183.42033	2.1778543	1.938432	-0.033769461	-0.0013132008
5137	3.2851744	0.67198561	0.42320426	663.30501	3.0032952	2.6799264	-0.49879278	0.29819192
5143	4.6974295	0.57795604	1.8573421	96.153075	1.9806211	1.707486	-0.3371969	0.046604218
5163	6.1238151	-0.52633463	2.5355937	106.88171	1.551804	1.3421583	-0.070923056	0.052057435
5179	0.78568167	0.20771605	2.3928136	108.26038	1.6252233	1.3583533	-0.1321674	-0.055286104
5181	5.7446608	-1.2190541	2.4183069	357.51288	2.9771314	2.8662991	-0.1339013	0.60425039
5182	2.4768046	-0.84350829	0.08038919	244.20453	2.6248082	1.6249343	0.13956328	0.084503543
5187	3.8544304	0.72047662	2.3020331	210.0526	2.2887028	1.503887	0.036518378	-0.21046752
5199	1.6591274	0.84249889	2.3073953	262.22631	2.6172429	2.2134569	-0.24351077	0.26616961
5203	5.8611064	-0.22038395	2.0887532	158.014	1.3234655	1.2368397	0.047324148	0.15824802
5204	5.986284	-0.11811026	0.21111501	258.61926	2.7672869	2.6189414	-0.64471994	-0.11486927
5207	0.42295865	-0.36607917	2.861524	300.00704	2.485515	2.4303499	-0.13522388	0.091609682
5211	3.5218369	-0.3441541	2.5337143	268.16133	2.2820857	2.241001	0.013598949	0.046695229
5215	6.2357873	0.87976766	0.97693364	213.32429	1.5598828	1.2595362	0.0067841016	-0.27076471
5218	3.4421926	-0.79464269	2.4618974	271.99838	2.2732282	2.245851	-0.040190194	-0.062088212
5224	5.7216626	0.64000287	2.0044062	199.94585	2.0581177	2.0210326	-0.039541547	-0.088816885
5231	4.3918173	-0.18938468	1.8170177	97.591959	2.2685735	1.9890904	0.23386425	-0.071740849
5247	5.2917216	-1.0151331	2.8000395	389.93141	2.1972615	1.5143453	-0.0092648392	0.25297682
5248	4.4616587	1.0305576	0.32546345	410.88071	2.7571345	2.5347374	-0.41652446	0.071717303
5252	3.9974119	-0.81875927	2.8992113	522.98904	2.624602	2.0495118	-0.078902281	-0.04377568
5254	1.9860535	1.3218438	0.78039239	144.39162	2.3508888	1.506091	0.28017568	-0.057939732
5257	2.9974762	0.51922223	2.7660204	455.95387	2.8486184	2.7902871	-0.12011426	0.022224715
5282	2.8841605	-0.63838764	2.4503707	211.8808	2.2563352	1.9461496	-0.13641377	0.037788488
5288	4.1238126	-0.57464561	2.9388602	483.24725	1.7334166	1.5211315	-0.020772043	0.067777421
5290	6.0523157	0.26847709	0.26790855	346.64467	2.5070341	2.1015584	0.06580713	-0.072235087
5302	2.6271634	-0.98724469	1.0484885	149.10093	1.6596383	1.581066	0.16926617	0.13622261
5306	6.0425944	1.0949111	2.1184743	137.1589	1.6956182	1.3053462	0.010727172	-0.077664198
5307	0.1901802	0.54779935	0.65226219	173.01908	2.7421409	2.5756271	-0.20248117	-0.28080422
5318	3.3855892	-0.11390749	0.50672103	128.51132	1.7118094	1.70467	-0.27337503	0.018663586
5320	0.053353036	0.46481449	2.1166484	32.868313	1.9731371	1.4171682	0.015651731	-0.25630692
5335	2.90494	-1.3080475	0.28851414	165.0002	1.6738442	1.3342097	-0.09042488	0.041356566
5346	0.038339031	0.83175006	0.87710042	175.86988	2.5959735	2.4130131	0.10236046	-0.040770224
5347	2.2472332	0.84447643	0.60619074	213.49347	2.2914554	2.2441304	0.14707081	0.12670203
5358	3.4059314	-1.0915391	1.2016478	83.00073	1.7373266	1.2905493	-0.11147201	0.023905456
5363	3.0798478	-0.04590889	2.1522762	157.38993	2.5979172	1.7736482	-0.85844365	-0.27338505
5393	6.1754871	-0.013835887	2.1504048	145.18841	2.6166959	1.3173708	-0.047823203	-0.20576795
5403	2.8444154	-0.98968586	2.8781087	288.13675	2.1793917	1.8253809	0.0052053956	-0.061723895
5408	0.69763714	-0.22088446	0.42775033	376.68961	2.6756718	2.4582056	-0.20304965	-0.081838701
5413	3.2720819	-0.59699367	1.0981338	103.12589	1.5043344	1.2608025	0.26919635	-0.1271521
5414	6.2809468	1.1628442	2.2767616	197.47834	2.2499261	1.3983084	-0.11629818	-0.01882919
5417	1.6815213	-1.1192751	0.62321498	373.15121	2.4483916	2.2556753	-0.045205085	0.023706429
