simulation_id	longitude	latitude	inclination	distance	mass1	mass2	spin1z	spin2z
0	1.6661491	-0.91702632	2.6390425	460.70592	1.6268244	1.4395666	0.020037754	-0.011192681
1	5.9971485	0.2547955	2.310982	164.65641	1.4154254	1.2435471	-0.02405214	0.045407793
2	3.6229343	0.58563957	2.6432339	137.09931	1.3565905	1.3484808	-0.028988861	0.00097308199
3	0.51457126	-1.0153521	2.9566765	310.88648	1.4011926	1.395439	0.030934887	0.0023746162
4	5.9830292	0.95627987	0.48259436	282.11906	1.4653767	1.3882828	-0.042650749	-0.031859985
5	0.065679705	-1.0887234	0.63835012	191.53813	1.4425614	1.4161388	-0.042195669	-0.0093998002
6	2.7040567	-0.39850663	1.079266	104.81025	1.46596	1.3854334	-0.016921381	-0.043810844
7	0.066162298	-1.2565751	0.50810262	301.51499	1.4199803	1.4195961	-0.020615914	0.039716351
8	0.37307845	-0.43503502	2.8834601	86.047136	1.3205152	1.218199	-0.021774109	0.03940456
9	5.0874881	1.0580646	0.032352303	109.43692	1.5633803	1.3081757	0.0018996911	-0.04074063
10	3.9745839	0.49656095	0.2298142	119.14032	1.5342307	1.4122295	-0.018864829	-0.049167928
11	2.0193849	0.056592924	1.9161266	114.74189	1.416305	1.2271656	-0.0056155074	-0.012990218
12	2.0425071	1.4369196	2.6032899	31.514635	1.4691797	1.3598036	-0.017220004	-0.03013817
13	1.2936349	0.20900274	0.85637728	167.43679	1.3519274	1.3133277	-0.016429298	-0.015121102
14	0.65005231	-0.50868992	0.72564183	112.76255	1.475217	1.3486115	0.029754076	0.00052314086
15	2.8979198	-0.817129	0.50603784	229.24265	1.3941363	1.3055928	-0.0031256232	-0.033204704
16	2.259286	-1.1365445	2.7925235	18.253223	1.2618391	1.2010754	-0.035069687	0.046158204
17	2.9056879	1.2707842	1.9704058	133.88078	1.4312936	1.3752349	-0.033793128	0.045717012
18	1.9437619	-0.38450881	2.1107735	450.18758	1.451427	1.3588099	-0.029654576	-0.03455094
19	1.6032731	0.50571732	2.7325576	230.47015	1.3251221	1.3041409	0.043499596	0.029169138
20	5.4293562	0.13417489	0.59296202	275.76223	1.4593262	1.43675	7.4022667e-05	-0.029069103
21	3.443184	0.1814024	0.78492779	81.004943	1.3799743	1.3491417	-0.046598169	0.011986148
22	1.83562	0.4586396	0.29204783	334.66602	1.4406021	1.4402269	0.011782116	-0.04968542
23	3.1449831	0.10284024	2.1496501	198.51373	1.4159103	1.3013839	-0.040993272	0.030617896
24	0.76001756	-0.43612031	1.7467004	108.07205	1.5132665	1.3373375	-0.035243186	0.01998063
25	2.8555272	0.53618581	2.3653622	192.03182	1.5728161	1.490352	-0.038743225	-0.035241542
26	5.7932387	-0.70698433	1.6944828	100.31503	1.3430821	1.2206942	-0.020655391	-0.041779824
27	2.5716602	0.88136944	0.44577934	260.10879	1.5885664	1.4988726	-0.038642846	0.031854801
28	4.3717974	-0.41336165	2.0776688	58.954679	1.4373282	1.2503874	-0.0079708705	0.020689802
29	1.2460372	-0.4714884	2.4789307	272.74567	1.6752018	1.3339678	0.0088645984	-0.0083146218
30	2.6190751	-0.91945412	0.65924323	289.03448	1.6607633	1.4345997	-0.0014619741	0.035262349
31	0.27226585	0.07745962	2.7225028	202.12304	1.4430117	1.324484	-0.031124449	0.0065686468
32	3.1433295	0.43418349	2.9929583	167.03206	1.4961754	1.3825904	-0.044482192	-0.0045329251
33	2.1966371	0.31428303	0.073094225	144.00381	1.5091011	1.2947249	-0.010712977	-0.031576969
34	4.4774684	0.54934635	0.3786023	179.14738	1.5233153	1.4040587	0.0010769128	0.036665518
35	3.1900581	-1.2925824	1.5065925	50.514627	1.3706634	1.3422234	-0.038297897	0.032036534
36	5.1248229	0.17467648	3.0700326	291.11917	1.5637281	1.4271706	-0.017036678	0.0070705303
37	4.9998883	0.13156479	2.0790728	93.143951	1.3780655	1.2711529	-0.0038103433	0.044549272
38	3.0759586	-0.48785586	1.0327287	207.17238	1.4976664	1.346595	-0.042965997	0.042363845
39	4.3508961	0.75817656	0.73414287	193.22943	1.402053	1.3844932	0.017278116	0.010962653
40	1.3751702	-0.46703729	1.9183487	88.856741	1.446311	1.4266559	0.049661324	0.032707249
41	2.3066977	1.0246288	2.1312238	48.413625	1.3528823	1.3114915	-0.01911492	0.021961049
42	0.30822611	0.30906007	0.90367609	291.50607	1.3836479	1.3590557	-0.017512715	0.041636221
43	5.5494821	0.96150342	2.4469084	151.79067	1.5432738	1.2513212	-0.019804411	0.018524348
44	5.2918127	-0.57083059	1.7186163	109.0362	1.3556753	1.2734943	0.029527309	0.023502381
45	3.0073921	-0.16057523	0.50603762	309.71446	1.5595432	1.5308056	-0.023464355	0.029808782
46	5.0662051	1.1242633	2.1928357	138.23724	1.4550534	1.3049415	0.0051661749	0.033773107
47	1.6226394	-0.98727366	1.9779996	124.60647	1.4772435	1.3432919	0.012523364	-0.04637459
48	2.4767271	-0.67572109	1.7971532	77.400075	1.3592176	1.2020099	0.0080854339	-0.038594506
49	2.7444202	-1.4862271	2.9367676	194.05552	1.4743414	1.4152953	-0.049717675	-0.0081369208
50	5.1284243	0.2598158	1.9350621	118.38464	1.4955243	1.4238183	-0.0074501573	0.027571334
51	4.1098119	0.36640022	2.3454894	217.82463	1.4270044	1.407177	0.04828788	0.016220377
52	5.9051302	0.89147427	2.8999733	628.51685	1.6156213	1.4177259	-0.043970476	-0.033465567
53	4.0843913	1.2658593	2.3158491	180.29789	1.3221455	1.314304	-0.019092995	0.035818401
54	5.3682316	0.66546764	0.70076211	102.82047	1.4886433	1.207263	-0.0069905387	-0.031738419
55	6.247787	0.32591843	1.2105733	285.89469	1.5417456	1.4572679	-0.021369517	-0.046745227
56	0.70555018	0.27950434	2.7058516	186.12272	1.4661374	1.3346832	-0.035746266	0.044486392
57	0.26452254	-0.37696982	1.9024783	115.79448	1.38869	1.3152341	-0.042771572	0.047234275
58	4.6411839	-0.3127962	1.0974869	122.97171	1.4793266	1.4637595	-0.04509812	-0.011338512
59	1.9103822	-0.4255028	0.65576879	290.0572	1.4678356	1.3833277	-0.024910385	0.001804478
60	0.71953116	-0.69707687	0.80138823	221.9853	1.4452605	1.3381526	0.034687216	0.01498353
61	5.4082403	-0.38256573	0.71075912	301.21579	1.5280067	1.4011371	0.012982851	0.034868231
62	5.8789558	-0.36531957	2.8192632	209.56123	1.3042819	1.2689111	-0.0012324525	0.045624304
63	4.6260748	-0.74187415	1.361949	65.9187	1.3873249	1.3349682	-0.012630246	0.035641266
64	0.94880771	0.37696026	0.46013514	371.66237	1.4724729	1.4271585	0.018971616	-0.039412421
65	3.3005912	0.66161096	2.8972973	417.65866	1.4267597	1.3844527	-0.0019056745	-0.0041412029
66	6.0878719	0.4483674	1.8628483	62.797103	1.5143507	1.2793285	-0.017968096	-0.017198689
67	0.046117441	1.1970902	0.62356444	272.78255	1.4583737	1.3862644	0.029429289	-0.018575032
68	0.8021207	0.84379212	0.90031729	161.46891	1.5006141	1.3684932	-0.0046403348	-0.0062993371
69	2.8172398	-0.64517575	2.1398185	122.5207	1.2990423	1.2774245	-0.0049531816	-0.032872953
70	0.78536467	-1.0621833	2.4670375	166.35899	1.39894	1.3427402	-0.0058770244	0.049741688
71	1.2191877	-0.14589199	0.61579192	160.11188	1.4380492	1.3832458	0.013024811	0.014776307
72	1.9602538	0.69764788	0.23216416	235.07278	1.5566178	1.474533	-0.044497388	-0.019497567
73	1.1485974	0.946429	2.3380398	326.79074	1.4136922	1.3116899	-0.032840243	0.037844825
74	1.2212013	1.3617844	2.3317278	79.356773	1.4465757	1.2743997	0.014661726	0.045164848
75	3.5914157	1.0817035	0.39030658	246.07358	1.6032458	1.3732228	-0.035692033	-0.0024683628
76	3.6232482	-1.0429928	2.8032567	296.39668	1.5577573	1.4604949	-0.033198346	0.037947868
77	1.6349989	0.11970944	1.0454228	118.99797	1.439885	1.325719	-0.039426488	0.020955449
78	1.0998779	0.18324504	0.45650245	233.85715	1.56303	1.399914	0.023603574	-0.025894888
79	6.0312702	0.49978689	1.2340786	146.36712	1.5382837	1.3215812	0.033027328	-0.0092211809
80	4.7571844	0.65113439	2.7681031	459.11941	1.5581554	1.1801671	-0.027587836	-0.020274115
81	5.303917	-0.70295648	2.7266147	405.61785	1.3807387	1.3772052	0.00048044738	-0.032252975
82	0.30862576	0.80514587	1.9557562	128.46967	1.4415755	1.3277439	-0.022456353	0.033277354
83	3.7558125	0.38693987	1.3115605	101.99014	1.4389326	1.2248062	0.018978423	-0.026062661
84	0.49164946	-0.82726102	0.96624213	159.95912	1.5611403	1.4835822	0.030311685	0.036569436
85	2.4929766	0.51910815	0.46699952	182.29436	1.4386961	1.4360508	0.030379387	-0.010716384
86	4.9980363	0.59401379	0.89392357	78.313097	1.3722267	1.2830063	0.041699923	-0.044430631
87	0.94355497	-0.23686472	0.69719857	88.462017	1.5359635	1.3521728	-0.033574881	-0.049053725
88	1.2138507	0.8908627	2.5951844	174.15464	1.3068446	1.3006263	0.042114822	0.019478754
89	3.098499	-0.37175419	0.65159435	136.3698	1.4179383	1.3891844	0.038900455	0.023042623
90	2.9154949	0.070592939	2.557693	114.56668	1.3346529	1.2964995	0.021735629	0.017249327
91	5.8301885	-0.5497207	0.99415863	244.10965	1.4361726	1.3970924	0.035010509	0.0070556726
92	4.8564367	0.0089958502	0.40272453	203.89029	1.3855083	1.3362746	0.011994347	-0.04851239
93	1.4549246	0.24253691	0.6855619	211.51722	1.3858717	1.2593947	-0.04976078	0.044826011
94	1.0474736	0.60454783	2.6978522	514.14405	1.57533	1.5380244	0.049282716	-0.00078774811
95	4.031471	0.34390534	2.1021455	213.60188	1.4635145	1.4463904	0.010177818	-0.030116568
96	0.93556528	-0.60112945	2.6975013	360.79696	1.4949118	1.4729541	-0.00523365	-0.008405246
97	5.5954605	1.3321121	0.60940499	205.90223	1.4208104	1.2830193	-0.001267055	0.026094229
98	5.7147301	-0.044020889	2.4526001	321.22392	1.4623272	1.4363518	-0.041040278	-0.0049016054
99	1.2575132	0.19767047	0.93761341	156.21179	1.3531279	1.3044673	0.0072140231	0.024368154
100	5.6076887	-0.14047514	0.67897107	176.00018	1.3746914	1.3243165	0.049473965	-0.041463086
101	4.3114984	-0.62837488	2.6095669	114.71607	1.4584043	1.3943918	0.018192651	0.00013507021
102	3.8694162	-0.84721878	0.74513939	191.27391	1.4222421	1.286591	-0.042790096	0.014244267
103	1.1488825	0.64815062	2.4018749	177.45939	1.2933474	1.2678943	0.022867617	0.015948536
104	3.1038789	0.51002878	2.576237	146.4562	1.4831918	1.2695179	-0.029050865	-0.020985418
105	4.846853	-1.5120291	0.98743065	115.49244	1.5319609	1.3649568	-0.0033145225	0.00013316252
106	4.0044558	-0.34932314	2.5227178	178.00135	1.3328974	1.2945193	-0.0044835665	0.0061706872
107	0.51256723	0.50564658	2.1084968	174.90314	1.4679157	1.3697963	0.022137474	0.030720283
108	5.6595275	0.47928397	2.1792959	131.08299	1.487783	1.3410615	0.018280853	0.046661522
109	5.245547	-0.01065441	0.25074213	371.34528	1.4431482	1.3606332	0.015607872	-0.035846378
110	0.83981345	-0.2723871	2.8725667	296.98483	1.4416304	1.312895	-0.012661763	0.035390909
111	0.34052325	0.13331411	1.5688741	109.54618	1.4624011	1.4487667	-0.022363302	-0.015589833
112	5.4835346	1.0148018	2.3213761	284.92712	1.5417273	1.4191209	0.045439443	0.025035078
113	4.7270539	-0.16557062	2.3047972	73.840551	1.3875982	1.351263	-0.032984564	0.02475445
114	2.0712658	0.71327951	0.71142627	191.5818	1.2756949	1.2562167	0.0089324209	0.043107525
115	4.6217538	1.0408177	2.465213	295.01738	1.5278877	1.4473025	-0.029051149	-0.049932656
116	1.2974103	-0.64427257	1.0837155	169.07971	1.5017397	1.3634654	-0.0054158286	-0.047767142
117	0.76380595	0.18000085	1.8719496	118.69337	1.4181879	1.2768119	0.025755944	-0.042989724
118	0.57099225	1.0030249	2.5672805	401.89025	1.5594061	1.4665377	0.013575977	-0.024713402
119	5.7721017	-0.38747946	0.9992799	171.97003	1.5124012	1.3655092	0.012172322	0.014570821
120	1.8148269	-0.5048804	1.6084017	105.93984	1.3394716	1.3135876	-0.0026387326	-0.026318936
121	2.9599966	0.92772345	0.16433975	163.40259	1.3316054	1.2383676	-0.023040536	0.035715248
122	3.5520778	-0.51312455	0.76890648	274.21132	1.4122388	1.2586713	0.0099276839	0.045995331
123	2.6439178	0.68296326	0.474495	393.05191	1.4731843	1.4261027	0.017466229	-0.042931852
124	4.790031	0.095737099	0.90244836	130.97345	1.4656601	1.3399543	-0.041166949	-0.036852297
125	2.5921368	-0.82549398	2.4133864	304.07521	1.3769014	1.2171424	0.032040669	0.0076841296
126	6.0968216	-0.6972725	0.35755234	53.328913	1.4247676	1.2642214	0.047556096	0.043781467
127	1.8835973	0.31375003	0.97036324	166.35201	1.3388471	1.3235553	-0.048944555	0.048442022
128	2.0867478	-1.0546816	2.2472446	181.51619	1.4972095	1.3843591	-0.027998835	-0.023260264
129	0.94341058	0.58134498	0.61309606	239.05274	1.3333629	1.2155205	-0.026024159	0.027964753
130	4.2141921	1.4744574	0.93860635	161.92639	1.5428184	1.3217918	0.011168959	-0.026918179
131	2.9569903	0.61323147	0.71602085	101.07587	1.4218376	1.2044239	-0.017455552	0.020826935
132	1.804113	0.37750026	0.23073075	148.60785	1.4422808	1.4123175	-0.010880776	0.048043643
133	3.8346853	0.2061824	0.85052097	130.56266	1.2659298	1.2404876	0.042862006	0.045257211
134	4.3939317	-0.9994616	0.81629426	239.58692	1.3905322	1.2688788	0.0052476301	0.0032755772
135	3.2598236	-0.22885233	0.13319403	241.3837	1.3643825	1.3180638	-0.0011922675	-0.011972375
136	0.99116605	-1.2009338	0.43500654	373.11657	1.4627654	1.4190446	-0.01238744	-0.042887253
137	2.3943979	-1.4311552	0.66047941	318.00315	1.6012352	1.4202748	-0.026355282	0.022130159
138	6.1989485	-0.59408946	2.0814387	96.090481	1.3891395	1.2490347	-0.0017548319	-0.031153693
139	5.4809086	-0.14758854	0.4125869	151.39996	1.4270029	1.2661455	0.021372755	-0.00091900963
140	3.2825398	-1.1922261	0.50946362	77.410527	1.4240693	1.379282	0.010830453	-0.018883815
141	3.1067007	-0.60668804	2.8892045	218.19289	1.3871933	1.3627826	0.02393906	-0.01245591
142	4.1440716	-0.33546595	1.8442885	77.846711	1.2617344	1.1107355	-0.031967406	0.019831903
143	1.714772	-0.78748716	2.2589926	160.62251	1.3529043	1.2278204	0.010315272	0.02457738
144	0.40708754	0.19537013	1.2616038	110.38263	1.3912642	1.3112318	0.033375555	0.0034948286
145	1.2351592	-1.1325008	2.8738631	195.88207	1.3279725	1.2936812	0.048871242	-0.049846652
146	4.9357014	0.085454877	0.54964161	265.17305	1.4877563	1.4782884	0.032321489	0.030736804
147	6.2214986	0.15285842	0.58370069	243.25892	1.3488637	1.3223818	0.024267425	-0.011214993
148	4.1673483	0.32171212	1.2600943	93.401366	1.3139006	1.1895787	0.01932698	0.048292368
149	6.0594999	-1.4283774	0.91577464	181.933	1.4428588	1.2350393	0.02146933	-0.0091847474
150	0.31640906	1.0478205	0.21016601	289.41479	1.4092445	1.3632899	-0.012233324	0.021370754
151	1.463866	1.4391909	0.90480291	209.04023	1.515126	1.377203	0.009750914	0.0076591377
152	0.81926621	-0.72368409	1.0447022	256.54629	1.4313204	1.4124334	-0.028678203	-0.030104145
153	0.47078075	0.39434089	2.5590731	325.98598	1.6388961	1.2980449	-0.015347514	0.012549993
154	1.3695349	0.13089915	1.9254089	140.90985	1.4844001	1.4774663	0.024948608	-0.039019605
155	5.0820912	-0.59009727	2.6364608	97.581107	1.3080628	1.2438014	0.0057715992	0.031498013
156	0.71145964	0.066431899	0.25493645	249.90716	1.4461381	1.3002223	0.020869741	0.004676764
157	2.4101748	0.64676222	1.4787157	82.084902	1.3628856	1.3046729	-0.014899227	0.039056444
158	4.1277535	-0.34462831	1.8976815	96.212677	1.4030266	1.2578514	0.037460544	0.0094909564
159	3.2570612	-0.94377308	2.7086471	127.79677	1.3494263	1.3201953	0.013418086	-0.012477434
160	2.3320571	0.27956596	1.1144725	211.94709	1.3979365	1.3367034	-0.01699534	0.032464153
161	0.9893524	0.10512127	2.5496517	158.78972	1.3042829	1.3024043	-0.011073793	-0.040552375
162	0.61903444	1.0636603	2.4939905	183.58905	1.3663722	1.3353626	-0.035567204	0.049565868
163	5.3866849	-0.23214516	0.26083712	180.70548	1.4823557	1.3364287	-0.016398907	-0.0031691483
164	2.2934744	1.4073471	0.51649189	289.4706	1.324215	1.3158335	0.0063910981	0.015944641
165	3.1750016	-0.57729427	1.725003	46.491359	1.4557398	1.2957782	-0.026291158	-0.018657508
166	1.8329844	-0.37156826	0.38186379	208.83354	1.4423044	1.4184	0.013950345	0.043089916
167	3.451641	-0.45997711	0.82583592	90.282841	1.5285311	1.3647762	0.036321976	0.042041443
168	4.3477904	0.98410048	0.41371418	170.91278	1.4200799	1.3961071	-0.016799042	-0.0032974832
169	3.7087499	-0.091982451	0.19542723	241.21651	1.4691442	1.4674373	-0.045290861	0.046731586
170	0.97343336	-1.0637875	0.39746734	282.21835	1.4318813	1.20873	-0.041331988	-0.0071051278
171	1.8151951	-0.48298602	0.39370164	143.16391	1.3777233	1.3613388	-0.047064894	-0.029626712
172	3.9185816	0.3820147	0.94635531	222.00983	1.4541042	1.2691486	-0.0045809698	0.0085253436
173	4.9474606	-1.0391015	2.2673575	271.88269	1.5152761	1.4099335	-0.021377701	-0.037725069
174	0.015255494	-0.93900282	0.39178622	85.716853	1.3161874	1.2363646	-0.0065130182	0.028312295
175	3.2891999	-1.1055395	0.43321881	361.75089	1.4813182	1.4749213	0.017167017	0.035126987
176	5.4179442	1.3301107	0.66272918	127.35544	1.5295551	1.3165585	-0.013920633	0.032921626
177	3.3958217	-0.62983172	1.1590699	86.463977	1.5005799	1.316285	-0.016166598	0.038860596
178	0.85899873	0.43575132	0.27318991	115.76367	1.3265274	1.3225872	0.032103314	-0.01779224
179	2.5898394	0.84844542	0.56890487	264.70073	1.5456933	1.4347512	-0.022962125	-0.039932967
180	3.4354268	0.67976412	1.8905617	169.30335	1.4809929	1.3788584	-0.036847146	-0.0061733104
181	5.5260074	0.99283673	2.0300154	92.74821	1.4004743	1.331553	0.02916983	0.0033377014
182	1.7079125	-0.073994649	0.6498436	38.879915	1.4483917	1.1370466	-0.042931688	0.038579029
183	0.56065878	0.48142447	2.7643513	99.328228	1.4298766	1.3441307	-0.018723229	-0.048579374
184	2.3409328	0.42434142	2.3619388	235.11675	1.5509471	1.5466137	0.024384347	0.0090800783
185	0.17095879	0.29989888	2.6794634	213.60048	1.5341277	1.4028755	0.010109761	-0.049590812
186	0.66811156	-0.36071865	1.9794782	110.26351	1.3087379	1.2973534	0.023566848	0.046271027
187	0.5772652	0.24926674	0.78801375	62.597482	1.4628143	1.2929484	0.04330996	-0.047823509
188	5.5560004	-0.53836808	0.62808295	168.34258	1.4494566	1.3282774	-0.024238763	0.0038499625
189	3.8719514	-0.57466426	2.4002624	169.90086	1.5247206	1.2774647	0.018758639	0.022742665
190	3.4039109	-0.59007973	1.2684977	86.941174	1.4630072	1.3350822	-0.038080842	0.038451229
191	4.61139	0.33044993	0.40668008	260.73897	1.4622709	1.4410274	-0.027332427	0.022565357
192	1.6485118	-1.0748115	2.6229941	163.14122	1.3703402	1.1550576	-0.01951301	0.020375844
193	2.7285108	1.1444746	0.20257607	187.25623	1.4509816	1.4195807	-0.038312548	-0.020977793
194	0.677028	0.31178592	0.67748069	216.6585	1.4557694	1.3467436	-0.045717233	-0.041733347
195	1.9780099	-1.0211809	2.244801	151.5377	1.4737494	1.32156	0.049983481	0.011690816
196	1.5807693	0.44145085	2.4426945	389.83101	1.560497	1.3795949	0.033594379	0.032562172
197	2.5643265	0.16358063	0.34715533	99.910413	1.415079	1.2738984	0.042715669	0.040211477
198	4.4345031	-0.70054964	1.711325	97.727877	1.4438914	1.3996476	0.0076006582	-0.020890927
199	3.948506	-0.351033	0.054743855	290.08146	1.5293039	1.4733571	0.0050492052	-0.018564295
200	2.9842283	-0.56189207	2.6116859	224.88154	1.2928866	1.2745779	-0.029461121	-0.0032645694
201	5.8727149	-0.75131183	0.23292457	142.95917	1.4474471	1.3046805	0.013334757	-0.022706937
202	2.6422832	-0.68682532	1.2239949	222.03722	1.4926348	1.3509903	0.0031426306	-0.024466898
203	5.7063703	-0.14399159	2.0553833	115.60255	1.5398732	1.4233295	-0.011161418	0.0039918534
204	4.4072901	0.26110014	0.3506787	145.39668	1.4250078	1.1861427	0.038526031	-0.039151649
205	0.79741697	-0.30913276	3.0911295	343.55434	1.519157	1.3687629	-0.022644677	-0.0073703084
206	1.0828796	0.06716762	2.5130578	140.3491	1.4697552	1.1193773	-0.043049416	-0.021079696
207	3.4559585	0.076580111	0.37439253	429.28585	1.5440224	1.4192718	0.029988358	-0.0068626087
208	0.4011967	0.6390564	2.972428	310.90233	1.538477	1.3607055	0.0037481299	0.043832208
209	1.0567661	-0.20645689	0.94775129	62.704113	1.3410867	1.2088086	-0.027127068	0.044509434
210	4.856621	1.084959	1.1924937	334.89645	1.4767119	1.4468195	-0.023394338	0.025651088
211	4.455529	-0.23875869	2.1837432	180.02919	1.3881838	1.3808725	-0.047587767	-0.0355644
212	4.3128221	-1.0954951	0.91316677	198.92084	1.5112544	1.412616	0.039061187	-0.0037090037
213	6.2744562	0.8908847	0.98843976	133.25185	1.6045849	1.3443098	0.0077000215	0.02095088
214	2.3061212	-0.48853187	0.67184504	58.124695	1.4882369	1.393879	0.039166381	0.03817892
215	1.2292897	0.21823845	2.5222596	193.1574	1.4133566	1.3715416	-0.035338257	-0.031636107
216	4.7071085	0.047216724	0.84897713	183.3969	1.5378819	1.2696822	0.021142166	0.043411224
217	4.654386	-0.45628512	2.4275421	71.096045	1.3946866	1.3897832	-0.010602765	0.032238831
218	4.1690418	0.29992682	2.2211722	238.83327	1.5108649	1.2736675	-0.027891353	-0.042537734
219	5.7997146	-0.25547849	1.9411801	211.6415	1.5547365	1.4396811	0.0074458515	0.022936248
220	2.3511981	-0.29426826	0.67476123	82.619572	1.4540379	1.302554	-0.039564314	0.027376046
221	3.1924564	0.4327763	2.862743	141.36252	1.3693807	1.3140143	0.04889329	0.028057293
222	0.68722339	0.98779849	0.57095531	136.43789	1.3131353	1.2699863	-0.048824214	-0.013861826
223	4.7191556	0.47642144	0.46984847	374.95298	1.5595913	1.4898211	0.002997476	0.047770091
224	5.4066223	-1.2272793	0.30519905	385.3635	1.5501361	1.3364658	0.020576375	0.047830296
225	4.1751468	0.025117913	0.26890773	64.074847	1.3483069	1.2787799	-0.037223084	-0.001409252
226	2.8414342	-0.71246216	2.7904194	474.86787	1.5963062	1.4030436	-0.049574245	0.0032683163
227	1.9311026	0.27559777	1.7358203	139.593	1.4463035	1.4367328	0.022832485	0.046182896
228	5.5912102	-0.73830431	1.5474782	62.193841	1.4495351	1.3667377	-0.031511763	-0.035966926
229	0.6049982	0.57380342	2.8341504	379.75994	1.5361894	1.3861267	0.0013572403	0.038635664
230	2.6591299	1.0762926	2.1362363	95.554966	1.3526385	1.2407497	0.043945994	0.02778624
231	0.78217057	-1.1249948	0.73882997	179.87044	1.4712936	1.4667122	0.040944611	0.0099408628
232	0.65428127	-0.17605447	2.5004354	74.067433	1.313864	1.2952062	-0.014353097	-0.046663358
233	5.3091191	0.89361644	0.49408194	299.98466	1.4210256	1.3614473	-0.017019184	-0.033965345
234	1.5087543	-0.55171227	2.338806	308.96619	1.6979023	1.4295297	-0.0071357717	-0.031716227
235	4.3547628	-0.55027738	0.57172983	302.35408	1.4298803	1.3358765	0.021871747	-0.047968738
236	1.8136693	-0.86378944	2.4718295	213.93462	1.5525533	1.2662532	-0.031451627	-0.032768473
237	2.1094349	-1.3261695	2.454854	162.37601	1.3126223	1.2900133	0.048609966	0.045178169
238	3.4518442	-0.39368369	1.0132369	147.8302	1.4952638	1.3744861	0.020395062	-0.0061331741
239	1.6057212	0.59542482	0.90919179	427.10234	1.6519803	1.4247479	-0.033509306	0.0047117335
240	4.5272825	0.54345665	2.2682414	161.8169	1.3741083	1.3298407	0.0034479432	-0.0067965569
241	3.8190714	0.048205085	0.32253391	270.24689	1.4534873	1.3249753	-0.03402484	-0.02151129
242	0.82090113	-0.025883199	0.2441101	174.20316	1.5040128	1.2455592	0.034808137	-0.045558074
243	1.3943477	-0.2249481	1.6834213	79.760434	1.4306571	1.2260203	-0.025545816	0.03743719
244	3.3700937	0.60776071	2.5163795	193.4444	1.3984415	1.3565937	0.032793054	0.032034011
245	0.19703434	0.62584377	2.1177214	88.788898	1.4532642	1.2509593	0.03748315	-0.04513517
246	2.17996	1.1443368	0.63902943	273.71153	1.4531631	1.4029688	0.047698113	-0.036151771
247	0.81786451	0.47008217	0.82975678	107.28585	1.4797653	1.2528613	0.0098544266	0.023941756
248	0.38500221	0.1581851	2.4089923	149.83504	1.4746667	1.3820908	0.031896774	-0.016498527
249	1.8888472	0.44034228	0.63439008	115.34223	1.4471914	1.4088189	0.042056587	0.0074366949
250	4.9797491	1.0863967	0.35560538	167.90592	1.4306151	1.4128312	-0.025116528	-0.036444142
251	5.9843335	-0.43067086	2.4323933	199.01926	1.3889307	1.3303193	0.025550234	0.038480793
252	5.219651	0.035043235	0.7309455	115.3075	1.5330079	1.3761467	-0.037527941	-0.0091080105
253	5.6528005	0.77485716	2.028717	76.272319	1.290447	1.188864	-0.042902272	0.0039778059
254	5.8909385	0.57387552	0.38426631	126.16824	1.4511736	1.3997379	-0.038147771	-0.019967926
255	1.5986592	0.10498291	0.83907173	226.93637	1.4123443	1.36884	-0.024006343	0.037300919
256	1.8778523	-0.24600105	0.73894973	98.96187	1.3076735	1.3025472	-0.031185378	-0.0055421913
257	4.7457933	1.2087245	0.66008517	73.767038	1.4300734	1.3424579	0.026041318	-0.025975017
258	0.098933519	-0.43118327	2.4996851	166.24174	1.3850627	1.3024031	0.03728553	0.012020432
259	0.7512605	0.7959086	0.64951998	237.72865	1.5472234	1.4118189	0.021299544	0.032062227
260	5.7124211	-0.42794906	1.2830487	89.54828	1.495749	1.390048	-0.023901894	0.040845826
261	1.0970936	-0.73870311	0.44293606	627.83812	1.6985675	1.565702	0.012529031	0.033440185
262	3.3347052	-0.38009463	0.70052679	522.15772	1.5603216	1.3438531	0.045171147	0.016984164
263	2.5536906	-1.0317484	0.50366449	392.5623	1.4291479	1.3769465	-0.024752856	-0.014268463
264	1.6583535	0.38109002	2.6139723	149.54766	1.5332312	1.4470971	0.049762978	0.041164961
265	3.4750303	-1.1077387	0.555381	435.84883	1.6449366	1.41521	0.028408657	0.020500228
266	5.2915258	0.89636536	0.84050988	82.418568	1.366924	1.288699	0.042075733	0.012997671
267	5.5792513	0.85270622	2.666178	179.51187	1.3649996	1.3352549	0.019591547	-0.033382701
268	2.6868076	0.60515136	1.4685756	161.63671	1.4681831	1.2475483	-0.025066417	-0.016975802
269	0.60070215	-0.63871681	2.0891164	284.9653	1.4278228	1.2874271	0.013656403	0.0069948465
270	1.33835	0.4191695	1.0757235	132.75813	1.3768313	1.3191998	-0.00082698253	-0.0095145344
271	0.29247382	-0.41228434	2.8206398	213.6686	1.4213601	1.3332361	0.044880869	0.01235873
272	1.9021102	-0.057368707	1.019005	93.282212	1.3992445	1.34084	-0.011719441	0.014522288
273	0.62446548	0.098550308	2.6628134	87.2417	1.4223166	1.3305089	-0.011784742	0.022692856
274	3.9049356	-0.51891381	3.0854003	264.60938	1.5305694	1.2997935	-0.020672882	0.0043283671
275	2.7885716	-0.57449005	2.875774	357.09173	1.5068799	1.4466321	0.047727849	0.046229972
276	3.3921215	0.52878196	2.4058098	178.53104	1.3667733	1.3196016	-0.043784655	-0.0041411735
277	2.4835647	0.2581936	0.38279777	201.93286	1.5093608	1.4212272	-0.025131579	-0.0054867245
278	4.1387548	-0.82214882	0.52386763	319.41155	1.4209655	1.3794953	-0.044285354	0.01893569
279	0.83207292	-0.88301602	0.90380717	178.98299	1.4303103	1.3969938	0.038194078	-0.049435325
280	4.3044839	-1.204214	0.31006471	358.26679	1.4543428	1.3941305	0.028275872	-0.01961433
281	3.2710135	0.3675236	0.16343071	102.11454	1.5992996	1.389339	0.021852083	0.0029186042
282	4.4671396	0.81081978	1.9624849	108.68638	1.4837676	1.2734419	0.043410916	-0.037554912
283	2.4640759	-1.1479247	0.77412523	252.33214	1.4683545	1.2988425	0.041759512	0.012614829
284	1.4457653	-0.033235952	2.9209696	170.34145	1.3809325	1.3716877	-0.019338834	0.038015857
285	5.5944394	-0.70693602	2.6022044	458.38688	1.4691948	1.3085015	-0.01574017	-0.021652446
286	1.1888945	0.35107382	1.2448826	78.888224	1.3274174	1.2931687	-0.042315318	-0.035594821
287	2.9932586	1.1714873	1.8533176	154.19716	1.4324946	1.394039	0.027543238	0.0019153561
288	4.6030876	-0.65171698	0.29299158	215.33314	1.3816368	1.3808064	0.024976998	0.0068079025
289	4.3506375	-0.18126339	0.662716	55.552375	1.3034301	1.2873468	-0.007027803	-0.01772629
290	6.1663472	0.72066164	2.6016182	239.38333	1.5770375	1.3646244	0.017867355	-0.046078471
291	2.8020066	-0.4787373	1.0062585	78.899569	1.4411493	1.3086684	0.043040062	0.028154466
292	5.6575054	-0.32502146	0.59604164	211.60028	1.4270012	1.4008677	-0.020727983	-0.038415988
293	0.73497034	0.30797684	0.65423195	232.60418	1.2889702	1.1794694	-0.00088990492	0.0027954146
294	0.23397558	0.45780256	2.109041	181.96059	1.4707078	1.3334115	0.024063773	0.0062121542
295	0.11436681	0.27661748	1.8403227	209.90677	1.4299672	1.3666044	0.0036666165	0.039198211
296	5.8891629	-0.58286098	2.4945864	191.66999	1.398963	1.2727401	-0.03783424	-0.022851472
297	3.7988599	-0.56982504	0.27267777	281.11254	1.4918971	1.3618534	0.046816643	0.047491872
298	1.4299624	-1.0497894	2.977906	117.17131	1.3404526	1.3380711	-0.026042384	0.016033238
299	4.204075	0.72729416	0.75881371	187.81959	1.4203501	1.4032621	-0.030053659	-0.026465483
300	3.0487708	0.23937296	2.8634716	77.09805	1.36055	1.3237785	-0.0042366416	0.015781457
301	2.718017	-0.50926292	2.5415379	80.521677	1.4522091	1.224882	-0.027478868	0.025461147
302	3.2509713	0.16242415	0.37199566	176.10935	1.4441291	1.3870623	0.033581721	0.049966471
303	2.1712747	0.27284033	1.9105612	209.7605	1.4468849	1.4137647	-0.047340101	-0.0072545048
304	2.0482076	-0.88984479	0.5638318	194.82845	1.4130368	1.1407958	-0.017994012	-0.023490814
305	5.7287027	0.43222348	2.725564	268.01685	1.3545162	1.3189869	0.044013344	-0.023214945
306	2.3653419	-0.22768575	2.5204003	426.52274	1.4685517	1.3480304	0.012541118	-0.026985348
307	2.9259092	0.76158213	0.7517841	129.53703	1.4172539	1.3010383	-0.030732311	0.030705118
308	6.1425291	-1.0683565	2.72638	263.99799	1.4399138	1.2539404	0.038274926	-0.02786918
309	0.66817125	0.17468688	2.6406653	163.18453	1.4780324	1.1598226	0.035677848	-0.022260331
310	6.2462326	0.69429647	1.1198334	129.11185	1.5907134	1.4970915	0.0023595585	-0.023658274
311	2.5347586	-0.89389338	2.1798351	273.0452	1.5220056	1.4693771	0.033347483	0.031404122
312	2.9214697	-0.17020334	0.069256512	137.93203	1.3764415	1.3692184	-0.033690102	0.027569961
313	0.42100524	0.0029765615	2.4688775	182.95375	1.4988039	1.3942522	-0.00099020609	-0.044515731
314	2.3727422	-0.61640364	0.50150444	345.3836	1.4219458	1.3973051	-0.0036624022	-0.043760588
315	2.0157057	-0.04035714	0.89045422	75.590892	1.3833198	1.3134424	0.041691289	-0.01316212
316	3.1007058	0.70849457	0.75136378	153.31542	1.4217085	1.4165958	-0.0041567538	-0.025255541
317	5.8561936	1.1696952	2.058796	84.013041	1.3280582	1.2904237	-0.024259627	-0.0020637927
318	1.5891543	-0.6300939	2.5727748	171.23375	1.4665723	1.3056348	-0.022758948	0.031473624
319	1.4662223	0.19557476	2.5550304	191.05589	1.3933086	1.3931167	-0.023460208	-0.032182798
320	5.0909448	1.0988705	0.31962382	116.02906	1.3641655	1.2586017	-0.023951887	0.029546515
321	0.79670065	-0.71016608	2.6628642	161.70118	1.4532871	1.3756076	-7.637363e-05	-0.042502049
322	1.9025467	0.65139845	0.71017165	99.571792	1.4185635	1.3495768	0.025820346	0.049750137
323	5.0345295	-0.10528752	2.3307377	157.55614	1.3780371	1.2706671	0.0025138022	-0.00048897545
324	1.0321468	-0.27632835	0.74596776	148.26562	1.3986951	1.3688742	0.04806138	-0.011185849
325	3.02959	1.4314307	2.3340038	51.312814	1.4341576	1.3438561	-0.0078203917	-0.036139909
326	6.1681908	-0.83250762	0.43519796	114.93653	1.3497833	1.284416	-0.031250034	0.015527618
327	3.4432737	0.4070975	1.1471477	178.02876	1.4435734	1.3965761	0.045559929	0.010274152
328	2.5626577	0.82520031	2.4868393	149.62253	1.5633666	1.2907389	0.0084600542	-0.0040016491
329	0.42728549	0.55629482	0.46995537	78.565859	1.3894806	1.3813556	-0.016572093	-0.041536753
330	3.2128855	0.36156966	2.3883093	227.78437	1.5328463	1.4821804	0.035876864	-0.049304717
331	0.69371957	-0.045498333	2.3505962	256.57083	1.5737829	1.445276	-0.042378678	0.031794701
332	0.86236591	0.87402196	0.35147838	151.71863	1.4097895	1.2553676	-0.019542507	0.0026432195
333	4.1694125	-1.1284753	2.9054401	206.66873	1.3786122	1.3018602	0.0027084681	0.008233146
334	5.1120943	0.52319575	2.707987	154.39857	1.2960986	1.2812529	-0.026302797	-0.040498671
335	5.803416	-0.48465856	0.56294179	195.68572	1.492867	1.3286002	0.044151079	-0.036728431
336	2.504986	0.4872655	0.98992459	301.83356	1.4365405	1.3356005	0.027617112	0.00050125929
337	1.1223433	0.49049933	2.2762917	111.54742	1.3635954	1.1610355	0.0057273703	-0.033893445
338	4.6372531	0.13944752	2.372541	182.48365	1.4919794	1.286594	-0.0074625997	0.0069060571
339	4.7282786	-0.0031145288	2.2891987	244.40739	1.4288604	1.3400188	-0.021410156	-0.018144952
340	5.4221973	-0.63594092	2.7314109	199.00399	1.4938915	1.3923119	0.014084761	0.0018494001
341	1.6009807	0.23095814	2.1866928	506.42108	1.615739	1.4891378	0.032753412	-0.045090799
342	2.7406464	-0.56777879	0.13755881	170.03965	1.3881518	1.2862773	0.013513145	0.042556607
343	5.4863487	0.81492846	2.6819348	258.04149	1.5150827	1.4338222	0.025890759	-0.010672849
344	4.2822792	0.94369528	0.53480634	234.62262	1.5360528	1.3586582	0.019311704	0.035637231
345	2.6037028	0.3246006	0.94874394	315.89468	1.5830522	1.3425545	0.044559613	0.036829791
346	5.705031	0.68843326	0.62244848	185.6668	1.3416611	1.2061925	-0.046450462	0.0036111981
347	1.7146097	-0.60723438	2.641875	165.62892	1.4342017	1.2699206	0.013569988	0.012847512
348	0.10129194	-0.28381355	2.6457227	254.49132	1.5757484	1.37888	0.02567516	0.016919699
349	1.4291311	1.0787396	2.3494089	119.53653	1.4819871	1.4304585	-0.005494841	-0.013250299
350	5.5739971	-0.2409116	2.2849283	193.97152	1.4492797	1.405827	-0.029190474	-0.049351539
351	3.3760939	0.35928322	1.1604773	95.113609	1.4890099	1.2244628	-0.042729137	0.028191616
352	5.8139355	0.59594597	2.843253	74.890553	1.3960118	1.2705015	-0.017556726	0.0062387941
353	3.9383605	0.053670058	0.55592267	320.27164	1.5992038	1.4307376	0.00057921865	0.0085377838
354	4.3077808	0.55848585	0.52400382	242.06808	1.5615465	1.5485601	0.039144204	0.030224637
355	2.5874951	-0.49957938	2.608077	78.217707	1.4937438	1.3378419	-0.0076288103	-0.0023936464
356	2.275401	0.63249524	0.9689254	166.93599	1.4536768	1.210709	-0.013115503	0.029811923
357	2.1585846	-1.3853087	2.2078838	41.354222	1.4633139	1.3512932	-0.049137385	-0.0024815004
358	5.7666086	-0.59422998	1.235209	42.831113	1.3526248	1.2348316	-0.03959493	0.01860839
359	4.0933634	-1.2650839	0.85566203	234.86686	1.6290917	1.5212557	0.0051380943	0.033783711
360	5.9065973	0.57112187	0.16772765	274.74278	1.4508515	1.4122427	0.042875391	-0.037562759
361	5.2380121	0.1075653	2.9845308	162.56242	1.454559	1.3736059	-0.014955605	0.03352782
362	5.7091658	-0.49435313	0.72743646	302.27077	1.3980395	1.2827985	0.04069835	0.0068888476
363	0.87101604	0.053958939	0.70682633	109.02014	1.5317064	1.4450015	-0.018909939	-0.038918731
364	2.3262364	-0.94896652	0.51333118	133.07482	1.4278634	1.3760842	-0.045014161	0.014465066
365	3.5334497	-0.9017625	1.8903837	87.124197	1.3666082	1.3511053	-0.047003398	0.034993047
366	3.8075174	-1.0111824	0.83526334	195.05795	1.4216713	1.220724	0.044133181	0.042338013
367	5.0969777	-0.71921615	2.7960134	312.65587	1.4348202	1.3543835	0.019082829	-0.024930315
368	3.286479	-1.0178682	0.24535869	246.92595	1.4323944	1.358745	-0.044572469	-0.037175996
369	3.7143841	-0.13865599	0.27417178	357.87522	1.4896673	1.3426629	-0.040161152	0.038731283
370	3.1398039	-1.375413	3.0024256	183.3653	1.5462169	1.3051882	-0.030006378	-0.00068109334
371	5.0161259	0.35873024	2.1189804	65.112357	1.2593809	1.2165941	-0.033033011	0.013164569
372	0.67412597	-0.0084004781	0.24746799	295.97952	1.4314957	1.3469163	0.029255144	0.034736548
373	1.567218	0.9434754	1.8519795	115.78407	1.4149342	1.4141221	0.048121815	0.025599654
374	2.8780184	-0.34659488	2.3043534	308.50849	1.3796057	1.3468832	-0.00013176964	0.00057889879
375	5.1645821	-0.84543364	1.84332	172.9008	1.4628188	1.2806446	-0.024249896	-0.022347617
376	1.8133047	0.84310572	0.47635591	102.40156	1.3437665	1.3051562	0.030670408	-0.0052312826
377	4.6884729	-0.5739094	0.042578744	169.5348	1.4703423	1.3232256	-0.048786531	-0.012449445
378	1.2226766	-0.6999154	0.46527693	316.83008	1.5527811	1.3576652	-0.014962748	0.014568618
379	3.6183502	-0.79540069	2.2154482	231.34258	1.5332348	1.5109445	-0.0044779772	0.019569721
380	5.260445	0.82568114	0.77571877	106.23212	1.3688749	1.3223599	0.047523174	0.042188516
381	5.4166861	0.43290287	1.902635	261.71446	1.5640569	1.4710897	-0.042946802	-0.015140896
382	4.05692	-0.028652422	0.91823092	131.98792	1.3725108	1.1755875	0.0021092957	0.0071279789
383	4.966893	-0.89549872	3.0224903	356.49985	1.5724933	1.4793887	0.014318552	0.011693344
384	1.7857554	1.1775856	2.4965131	279.13231	1.5270521	1.2999233	-0.015694288	-0.0027859918
385	5.7718801	0.34353501	0.91153712	183.99419	1.4050027	1.3405915	0.039717589	-0.030312635
386	4.5086652	0.54118929	0.35740486	236.63496	1.5200926	1.3976278	-0.020379239	0.020046027
387	0.48271975	0.43956558	2.8868274	506.66386	1.6175538	1.3255896	0.037183129	-0.0012952905
388	4.4204226	0.57373433	0.52677437	207.37971	1.5508358	1.3268273	-0.014723102	-0.03799193
389	0.42701144	-1.4275308	1.9636549	161.63551	1.4280201	1.2846512	0.03659257	0.02830304
390	5.6281866	0.19661906	0.5423915	339.67441	1.4860661	1.4612454	0.040082225	3.6711908e-05
391	0.022277967	-0.85244173	0.53870888	323.94143	1.4407149	1.4230504	-0.0062031729	0.022086409
392	2.4427574	-0.47393648	0.93640074	205.52553	1.3661328	1.2844948	-0.0300698	0.0081831692
393	4.1007498	-0.48814869	0.53784607	67.558391	1.4175876	1.3437898	0.0034088939	-0.011392793
394	3.1876134	1.0752572	0.38916315	182.81128	1.4554876	1.3591501	-0.0070058189	0.0069772501
395	6.1607441	-0.34158866	2.465897	226.75462	1.3626197	1.2978304	-0.011933337	0.049150104
396	1.6319437	0.96296928	1.1425455	132.48096	1.4050505	1.3666649	-0.033072133	-0.044093339
397	1.9630449	-0.098564382	2.5554346	261.4362	1.4833423	1.4273532	0.0044220866	0.029370365
398	1.7403871	0.51061715	2.8427003	337.86711	1.415708	1.3758345	0.0085245978	-0.039519964
399	1.3007455	0.79654167	1.0470397	14.71034	1.3395672	1.3241974	0.030785392	0.014105928
400	3.2281346	0.68381181	2.0932732	154.42606	1.415883	1.4021949	-0.010541073	0.043596968
401	1.7648293	-0.01808053	0.77786955	48.686196	1.4031644	1.3320348	-0.021710022	-0.01158109
402	5.6081981	-0.89918978	1.2188134	85.414321	1.4937131	1.3181386	0.019342588	0.030452079
403	4.4687762	-0.55557779	1.8372193	409.54841	1.5539007	1.4211106	-0.035757993	0.024335312
404	0.41512353	-0.36191441	0.62559847	343.06494	1.4490829	1.4154644	0.018689305	0.043173015
405	1.5057903	-0.067356437	0.36095695	349.42264	1.4952932	1.3477368	-0.004526621	0.024872249
406	6.246545	0.2240924	0.45785873	189.92148	1.400315	1.3298391	-0.048675277	-0.049064132
407	3.4948706	0.014564299	0.64286345	95.730562	1.307968	1.2838105	0.048898738	0.01419135
408	0.65249911	-0.65226209	2.2538487	91.949551	1.466996	1.2926414	-0.016156491	0.042264721
409	5.3219903	1.2252414	0.5992135	110.07249	1.3719546	1.3261033	0.047429667	0.026000999
410	1.0273358	-0.22569289	1.1674596	202.16062	1.5427246	1.389495	-0.025599898	0.038141442
411	6.003803	0.86589566	0.80367073	192.28075	1.4301047	1.4213816	0.029125906	-0.02511632
412	0.32183609	-0.7267406	1.1163546	218.56841	1.409887	1.3918248	-0.041720901	-0.0091236262
413	4.7200423	-1.0135086	1.1266067	76.766783	1.3558787	1.2756136	-0.023867556	-0.00381979
414	0.4119193	0.90935575	1.6073926	88.066004	1.3328287	1.331425	-0.018634907	0.030384991
415	0.74131901	0.78147487	0.39588167	55.3773	1.3789659	1.347382	-0.043733343	-0.0018439635
416	3.3029471	-0.14911779	2.585633	116.409	1.49011	1.3164239	-0.026095443	0.014307908
417	3.5421667	-0.91060305	2.097482	138.74199	1.5123571	1.3326816	0.032879245	0.032615259
418	5.2202769	-0.70669384	2.8481779	218.45494	1.5538167	1.4565991	0.03833726	0.048656455
419	1.5178237	0.82170868	2.6020098	324.70528	1.4950284	1.4581947	0.0072405876	-0.013552612
420	2.3869676	-0.14190782	0.57067087	223.96485	1.3569076	1.3541851	0.0045385846	-0.024449072
421	2.0765564	-0.49316374	2.8660824	269.65701	1.4045577	1.3771681	0.043327232	-0.015952874
422	5.5867893	0.41752989	2.1315175	185.5673	1.436073	1.3054421	0.046782163	-0.020543887
423	4.0490076	0.75758542	2.1349018	85.01676	1.4853405	1.3028409	0.042004816	-0.028066029
424	0.94612758	-0.94445314	2.1196483	215.92109	1.5001551	1.4184866	-0.019149661	-0.0019072256
425	3.4853797	-1.0166553	2.7030378	292.69178	1.3198614	1.2975607	0.023259459	-0.0028305656
426	5.305286	0.46594726	0.39647143	246.94033	1.4714133	1.4578753	0.033384485	-0.040201557
427	5.5760669	0.57491551	0.44726768	124.1419	1.3076782	1.2598054	-0.036562977	-0.0045306241
428	1.3526634	0.14599316	2.0541515	274.00788	1.5431853	1.3622658	-0.043317807	-0.038230378
429	4.1563435	0.50577215	2.623216	306.39377	1.5222183	1.4359854	0.046589308	-0.037518229
430	5.5575154	0.42379604	2.2548495	153.53229	1.4072218	1.3823621	0.024821841	0.022928841
431	3.0820674	0.35078806	2.5407662	267.06194	1.4045153	1.3019337	-0.041956771	0.017332627
432	5.2179106	-0.14103999	3.0779973	327.59512	1.4712833	1.3748622	-0.04277976	0.039626106
433	1.3113467	0.36468563	0.42987206	131.83077	1.4674682	1.44724	0.040010105	0.00030035136
434	4.3491725	-0.050973934	2.6419682	312.25663	1.3280192	1.2034911	-0.027689648	-0.0058536245
435	0.91564622	-0.73804944	2.4501991	60.716894	1.3759741	1.3270213	0.041389344	0.002780242
436	4.2655128	0.044213602	1.0813016	155.20049	1.5158051	1.3749109	0.018814461	-0.028263878
437	5.5892698	-0.89203308	2.6432479	94.907468	1.4624456	1.3289312	-0.018719066	0.021534042
438	3.4044069	0.80060738	2.1978563	193.3261	1.4585558	1.3277437	0.038046492	-0.027857293
439	2.0241551	-0.65329864	2.5835132	95.047271	1.4944911	1.3594019	0.035055615	-0.036060676
440	4.5036982	0.96622045	2.2151847	52.541419	1.3690531	1.2881553	-0.035094433	-0.0066052316
441	2.3131745	1.0409201	2.224373	208.71975	1.4559613	1.424202	-0.044086847	-0.025572039
442	4.7754724	-1.1819997	0.57394622	315.28018	1.4396149	1.3582658	-0.0071559594	-0.031836109
443	6.0978907	0.49289602	1.6764188	25.914398	1.4150845	1.3553456	-0.023709542	-0.025927896
444	0.0028117655	-1.2371034	0.47736186	200.85248	1.525051	1.400049	0.00034390188	0.024772621
445	5.9101171	0.84601175	2.4191691	132.73425	1.5916298	1.4079509	-0.020782418	0.044260606
446	5.064171	0.099105668	2.9476665	263.33449	1.3744258	1.3193013	-0.035117779	0.041353806
447	4.9394662	-1.2574845	2.1194278	88.528683	1.4046094	1.388675	0.031384355	-0.0068074928
448	4.8820993	-0.59123595	1.7123471	85.462019	1.5023205	1.3786632	0.01961757	0.0013495043
449	3.6550476	0.4440976	0.85240312	635.54199	1.6229761	1.6182812	0.0017627317	-0.012987796
450	3.1375835	-0.40954799	2.8218868	223.1871	1.4264165	1.2664181	-0.0034759745	-0.031173565
451	1.7655526	0.86771735	2.8619261	260.92335	1.4355149	1.34645	-0.046617695	0.036238999
452	2.4752648	0.54133871	0.35031602	117.69437	1.4906398	1.4522575	0.0077353452	-0.026131026
453	4.2805616	-0.34375265	2.6017888	172.07605	1.590354	1.4384732	-0.0095073464	0.028977019
454	5.2339632	0.7696448	0.5964163	141.84987	1.4746575	1.3755863	-0.0034259884	-0.030249693
455	4.4387918	0.63754393	0.80393331	48.785818	1.4096454	1.3786873	-0.045761801	-0.020409064
456	2.2629462	-0.055890156	2.3491026	336.38731	1.3373657	1.3135014	0.0042940191	0.037612466
457	6.2557312	0.25382578	2.7268586	77.024187	1.3355847	1.2712162	0.044182246	0.042901701
458	4.0651543	-0.19386686	2.6670351	175.07156	1.3988475	1.3613386	-0.021835107	0.038804535
459	2.0916139	-0.49472148	2.57223	156.86458	1.3961362	1.1073149	-0.0038441464	0.016376516
460	1.046569	-0.85048034	2.6105104	253.996	1.4942408	1.2673584	-0.035760745	0.037577297
461	2.1823976	-0.079308782	1.6306751	65.602525	1.4605135	1.3205519	-0.027637029	0.022483795
462	2.8962087	-0.98456552	0.19328561	283.44953	1.5203453	1.4334402	0.026905219	-0.039931714
463	4.3553358	-0.65797843	1.0221324	91.268279	1.3441731	1.2711121	0.016692077	0.04188307
464	5.9318559	0.72680779	0.63872174	299.77069	1.6019355	1.4552652	-0.040480877	-0.0096067847
465	2.5504348	-0.051897912	1.0282759	149.05711	1.4137581	1.3153323	0.041540187	0.015570677
466	0.57703702	-1.0036512	2.2906141	351.93131	1.5568444	1.4721308	-0.019671099	0.03336386
467	4.2270553	-0.091311104	2.0843822	40.580295	1.3904461	1.3157655	0.00074596051	-0.045699473
468	4.9193745	0.65592707	1.1083054	117.00849	1.403536	1.3969065	-0.027145256	0.017222983
469	4.2837432	-0.94488083	0.93830586	249.18232	1.5996392	1.4307517	0.0083121882	0.039917836
470	0.79884995	-0.1568506	0.28181266	184.29766	1.4784477	1.3898967	-0.020309005	0.0029352864
471	4.0681176	0.55320355	2.2288743	82.677286	1.4275722	1.3327306	0.017159209	0.00080131701
472	5.1636603	0.65679725	1.3358716	77.102641	1.3367657	1.1526215	0.027691168	-0.0042163755
473	5.9857805	-0.70356674	0.16395632	204.38151	1.5699436	1.3706626	-0.037088382	0.048335528
474	1.6267613	0.88864839	2.8815404	177.39812	1.5507481	1.3074271	0.049425078	-0.041430115
475	2.9905599	1.0698275	0.75720371	186.94056	1.4502839	1.4156979	-0.03267644	-0.011618092
476	2.6643905	0.063578924	2.532585	111.59555	1.5220947	1.3361534	-0.013541185	-0.035386707
477	4.3407795	-0.11044757	0.35705017	117.89052	1.3799104	1.2001145	-0.034909911	-0.023868535
478	6.0026982	-1.0844073	0.59887934	174.23185	1.4567822	1.2826069	-0.018809139	-0.026967613
479	2.5051832	-0.98284265	1.3629954	95.182593	1.2428648	1.2204289	-0.039550854	-0.04889543
480	2.5878684	1.0603409	0.88947604	220.3007	1.3939128	1.2084501	-0.037857708	-0.009282093
481	5.6037584	0.88805337	0.99416767	234.67342	1.3286351	1.2885857	-0.027258575	-0.040518179
482	4.2384796	0.1979559	0.49080676	294.12659	1.4546236	1.3124775	-0.004788124	-0.025414183
483	0.70137944	-0.5560373	2.6177396	154.57612	1.4954602	1.3321191	0.00028265516	-0.0065230813
484	0.15740135	0.86981113	2.4720385	110.13859	1.4883344	1.3696627	0.025053348	0.0045780392
485	3.2380872	0.28839101	0.48073338	142.52446	1.4878833	1.4069494	-0.029325876	0.0096243873
486	3.0656681	-1.2946427	1.2554413	102.41954	1.3762536	1.310503	0.0328555	0.024221669
487	6.0867675	0.70775209	2.5196852	374.81229	1.5082011	1.3144587	-0.045725992	0.021259121
488	2.3191346	0.72630089	0.28502052	490.42226	1.4682363	1.4262737	-0.044763567	0.0055224306
489	1.7917921	-0.96690385	2.2304216	207.62532	1.4167324	1.2615591	-0.045208717	0.0011419453
490	0.00097764429	0.75976327	1.6477019	112.54893	1.3704893	1.3337717	-0.017151761	-0.00053761673
491	1.1023594	-1.2840525	0.48936793	161.2816	1.3706019	1.344139	-0.012305627	0.013386028
492	2.4605821	0.25849103	2.8617027	227.02619	1.4294779	1.4157379	-0.021681264	-0.003053234
493	2.7592442	-0.64315691	2.4773173	365.52712	1.6093697	1.2474646	0.017433397	-0.02666574
494	5.7851083	-1.3758005	2.1003483	102.71772	1.4191237	1.381427	0.036381064	0.023116969
495	3.4466427	-0.69878237	1.6522028	172.78802	1.3923432	1.3737158	0.017172838	-0.040091127
496	0.81392911	-0.94443823	0.70283157	145.56449	1.5295264	1.4802241	-0.036135123	0.015329132
497	4.8350851	0.17500946	2.8636975	212.59924	1.622454	1.3651334	0.008949099	-0.047698531
498	2.3206783	0.9498918	2.4219868	245.48081	1.496425	1.4761001	-0.03881424	0.046401161
499	4.532684	0.32037181	1.9052592	97.790075	1.3723669	1.1962884	0.028097957	-0.047327397
500	4.9592471	0.66886768	0.54824653	213.48903	1.4430051	1.3730169	0.0059139872	-0.023936733
501	3.1545071	0.49906865	2.3052368	77.067475	1.4746478	1.4099153	0.039565999	-0.026564831
502	2.287185	-0.61119144	2.3787381	132.78118	1.4944355	1.4175956	0.032673937	-0.0072355689
503	3.5445858	-0.27225307	2.8063934	258.26615	1.417935	1.329942	-0.038948761	-0.029405736
504	4.6271222	-0.0012521479	0.8296081	316.06575	1.4753503	1.3707509	0.028802546	-0.0083894366
505	4.5367814	0.49797447	0.72513523	182.67775	1.4637209	1.3704786	-0.03548612	-0.036162972
506	2.1625794	0.17154227	2.0691967	160.27451	1.3877477	1.3568028	-0.032914142	-0.037484788
507	3.4445893	0.89621015	2.6276703	378.57791	1.4674971	1.4209664	-0.025934867	-0.016100267
508	4.1427515	0.93311196	2.7496638	181.73122	1.4082373	1.3909478	0.027128218	0.047446977
509	0.63817529	0.14743082	0.55433483	105.9165	1.4172445	1.324767	0.026619272	-0.014467846
510	3.5148604	-1.041635	2.2246591	68.309768	1.3917663	1.2689227	-0.044680852	0.015290456
511	4.6637442	0.28935017	0.6356586	191.84972	1.3862537	1.3501111	0.04571035	0.0030203896
512	2.0602542	0.91337996	1.0029866	96.359645	1.4748648	1.46005	-0.025044217	-0.028846862
513	1.221737	1.2136494	0.34126832	239.77542	1.4416675	1.4403587	-0.0094890331	-0.047526614
514	0.070321476	-0.93547075	0.7201249	102.07586	1.4260514	1.3811558	-0.022853809	0.041302182
515	3.4863898	1.4186559	2.5950137	276.03135	1.4829363	1.4199425	0.0055094426	-0.011943762
516	5.0259267	0.26048901	2.2711561	210.8715	1.4118629	1.3355855	0.0099030023	0.038202907
517	2.4265603	-0.46853618	2.7896455	145.67993	1.4205496	1.3440554	-0.013321124	0.010710575
518	5.342661	-0.22428247	0.14570006	149.07696	1.3895625	1.2368066	-0.028851856	-0.045744873
519	4.2117151	0.12859316	0.89042201	119.1053	1.5793548	1.2494251	0.021378318	0.041080908
520	0.34551836	0.36603557	2.572809	337.3439	1.3720096	1.3490628	-0.033321942	0.0044445756
521	3.1620067	0.3119679	2.8174837	252.95093	1.4216278	1.3480606	0.016761977	0.042898928
522	1.6942824	1.3683584	1.140675	119.61	1.4069537	1.3375371	0.0058395901	-0.019820041
523	5.5264396	0.25411813	0.85068886	87.131671	1.3780753	1.3452954	0.044451603	0.043563681
524	3.8016911	0.056657382	2.2477681	275.55085	1.4544217	1.4019802	-0.036299991	0.035568521
525	6.029152	-0.81316289	0.77230155	71.490117	1.2414491	1.2253423	0.043165549	-0.0081437239
526	4.7047416	-0.3784986	0.37778026	305.89369	1.5423932	1.4208734	-0.040502109	-0.014116561
527	5.8211829	-0.4916176	1.4125527	153.40561	1.5423487	1.4795279	0.0042556423	0.024752088
528	4.3746016	-1.4213922	0.54784483	233.93176	1.3653143	1.3491225	-0.025463155	-0.0095693716
529	5.497646	0.79474122	2.1355226	115.06375	1.2557745	1.2099705	-0.031685351	-0.0092494827
530	5.0423761	0.54401834	2.6936558	203.36564	1.4306709	1.3162003	0.011701508	-0.0069252813
531	4.04195	0.63524156	1.135038	200.66464	1.443882	1.2443595	0.029796413	-0.023661839
532	1.2038296	0.90796165	0.65650545	299.19837	1.5018626	1.3226917	0.0042942091	-0.033475041
533	1.7880887	-0.22896452	0.61686645	164.87133	1.4735459	1.3008166	0.03268331	0.024192029
534	0.057956152	0.023576195	0.93939582	85.381092	1.4017082	1.282572	-0.021880546	-0.047562608
535	2.4891329	-1.2204648	2.4844193	112.20088	1.4063058	1.2783569	-0.0056161407	-0.017101388
536	4.7239603	-1.3150893	1.7355545	107.9136	1.4433464	1.3032744	0.049446472	0.0022583868
537	0.64500547	0.47548767	2.4220046	230.11483	1.4594106	1.320864	-0.035389463	-0.04587611
538	4.7208584	-0.12067845	1.0065954	113.01411	1.4625243	1.3743385	0.029882523	-0.026003727
539	4.3542644	0.5217914	1.9415444	156.01089	1.3494612	1.2982704	0.04946613	0.0063725503
540	1.4103144	0.91280261	0.96879667	202.72992	1.444912	1.2441738	0.036300745	0.035923864
541	1.0128297	0.32830148	0.15127735	241.47363	1.460517	1.3917226	-0.039486323	0.010651682
542	2.816549	0.074264225	2.794384	343.75049	1.357472	1.3494546	-0.0082200922	0.016835004
543	3.7936773	0.60472673	2.4218413	237.58247	1.3342535	1.1989198	-0.038146544	-0.049035464
544	0.31088755	-0.18700082	2.4403273	314.67088	1.4705453	1.461989	-0.03955719	-0.013592049
545	3.1394857	0.096997379	0.66498489	152.44074	1.5155481	1.2869052	0.023294668	-0.046326963
546	0.2809134	0.65933293	1.5054093	211.56414	1.4209294	1.3915068	-0.044820795	0.032916244
547	4.6862434	0.75809344	2.3202166	156.51236	1.5177774	1.434037	0.020481654	-0.0039086991
548	2.3910834	-0.13563732	0.76493492	161.10443	1.3290523	1.169868	-0.0424589	-0.0072112541
549	0.53018324	0.044878929	2.9719018	119.30062	1.4209327	1.3299386	0.037173205	-0.010701937
550	5.9842389	-0.17653265	0.72402593	217.8407	1.4341474	1.3442579	-0.03103277	-0.014466577
551	3.2132178	-0.29334101	2.5304514	176.73875	1.4293668	1.3346134	0.020607394	0.047797646
552	3.7554027	0.7954014	0.25024401	183.79978	1.4746771	1.4066412	-0.025698844	-0.045858009
553	3.1343125	1.0327248	2.4511384	160.3579	1.2944422	1.2782319	-0.0013423983	0.017619706
554	2.4095335	-0.24272715	2.6866002	393.60974	1.4553268	1.2693453	-0.028848059	0.047491279
555	2.6359831	-0.022070046	0.6415623	224.0024	1.306349	1.2779111	0.024654477	-0.022414765
556	0.6853801	0.67897613	2.1717401	149.66187	1.4278675	1.3857549	-0.019897037	-0.042953913
557	0.47994883	-0.72243172	0.6090744	305.12623	1.5652878	1.3900926	0.03962987	0.020796003
558	5.3636249	1.3113703	2.3466534	156.91089	1.2772381	1.2368912	-0.031220809	-0.033783642
559	4.2073835	-1.2545555	1.2614374	103.30805	1.3959046	1.3924639	-0.020848168	0.0066540322
560	6.1046874	1.0375969	2.7466025	45.974998	1.3920705	1.2273773	-0.0099132336	0.035183654
561	3.4155722	-0.044877988	2.3860588	114.03894	1.3232623	1.234996	0.049189397	-0.038923693
562	4.0561228	-0.99477766	0.13186812	584.07847	1.4923692	1.3581911	-0.027356478	0.0019251363
563	1.1877218	0.020498665	0.14747427	418.08296	1.5114337	1.3844754	0.029992832	-0.0045627166
564	2.6299233	0.61142618	2.814928	329.343	1.4066034	1.3989465	0.048798971	0.039131328
565	4.3608062	0.87500585	0.27774659	211.38423	1.4732397	1.2794145	-0.042247122	-0.018089875
566	1.800877	-0.068172927	2.3421912	212.06681	1.4248646	1.3875178	0.016349508	-0.014052334
567	5.3783432	0.61783138	2.3426265	272.94827	1.4109534	1.3377761	-0.037251745	0.045411624
568	4.4156373	-0.045043072	2.3747299	69.537094	1.3802344	1.3116558	-0.036370406	-0.019876161
569	0.84971585	0.79774508	0.24545154	361.17264	1.6031013	1.2744648	-0.0021546935	-0.0023791737
570	4.0796433	0.1515326	2.43503	245.6779	1.4573227	1.3956775	0.033648217	-0.007648716
571	0.45912138	0.56126514	1.9867353	110.60723	1.5633608	1.3533457	0.015582928	-0.043426715
572	3.8829409	0.029678862	2.6252949	242.92032	1.4554936	1.355933	0.037478525	0.027548748
573	2.0498989	-0.018301564	2.2457562	124.30761	1.5029024	1.3896596	0.012216911	-0.0058325901
574	2.296318	1.3401948	0.66813707	102.55981	1.4582549	1.3327871	0.0023230048	0.013284178
575	5.837924	0.277372	2.3052797	222.89848	1.4740682	1.4090379	-0.027899097	0.017582204
576	4.0179999	-0.57588262	0.31648131	215.52328	1.4590521	1.2960117	0.017491384	0.00434059
577	4.6825758	0.5107009	2.1079582	101.59426	1.3565547	1.3362482	0.0031062549	-0.044882058
578	0.56194181	0.081534766	1.5635321	109.39254	1.4570285	1.3526993	-0.014279867	0.012930178
579	3.8559798	-0.29847564	2.9874422	272.89999	1.3347688	1.3022427	-0.044383283	0.019924166
580	5.7506951	-0.58742501	0.54194021	274.8314	1.5746238	1.3504529	-0.037392637	-0.015570207
581	4.7520134	-0.10068653	0.55358495	197.41837	1.3821136	1.3657734	-0.0024887042	0.03372114
582	0.89483114	-0.62574881	0.67398089	70.644297	1.4303104	1.4041833	-0.032597329	0.00099870092
583	3.7395268	1.0025132	0.32488224	258.4728	1.4141492	1.3243867	0.013179364	0.019005071
584	4.3834994	-0.61493981	2.9206776	508.85289	1.6187821	1.5180425	0.018365212	-0.021147667
585	5.7422809	0.59905276	1.0748554	55.14208	1.2868506	1.2012064	0.041375796	0.0477852
586	5.0612461	-0.36107178	2.7886958	187.0752	1.3777793	1.3431182	-0.046512962	-0.034430891
587	1.9426957	-0.60251641	1.2531592	236.29261	1.3734204	1.3492205	0.0010844848	-0.025798885
588	4.2243233	0.74172553	2.164378	62.19986	1.3066971	1.2509604	-0.0097424775	0.0097042163
589	3.6915958	-0.72677831	0.69152267	179.58799	1.4952579	1.3476208	-0.049126815	-0.049148587
590	1.3611116	-0.34818885	0.30004859	139.96758	1.4416664	1.4034306	0.0027883974	-0.032898042
591	1.9093861	1.0143222	2.2923831	235.41321	1.4454966	1.3396578	-0.043858342	0.016207296
592	1.2719346	0.47085013	0.21790263	159.30185	1.4167506	1.336608	-0.0069225219	-0.018944603
593	4.0185447	0.81071338	0.8783703	234.89384	1.5559322	1.3651473	0.034308338	-0.037780173
594	3.8787015	0.053403583	1.0459711	212.02495	1.510659	1.2823096	0.037481549	-0.03038256
595	1.3120556	-0.069620823	2.0743486	132.22217	1.5030211	1.2401314	0.040242288	-0.04641396
596	4.052833	0.055567973	3.069558	100.14005	1.4477674	1.2394011	-0.039064282	0.043920398
597	0.11547896	1.0020814	2.4889968	201.21292	1.3664324	1.2548442	-0.01766429	-0.031285055
598	6.0052033	-0.59429948	2.6204645	208.70666	1.4646124	1.4014506	-0.031141911	0.022974368
599	2.6554202	0.54164916	0.10237036	289.52361	1.4236095	1.2365729	-0.0080014409	0.017359301
600	5.6774523	-0.50605895	2.0792199	88.309315	1.3357912	1.3313785	-0.044972291	0.023657571
601	1.7247063	-0.13326856	0.98026186	176.03755	1.5742063	1.3458571	0.030403592	0.0057193202
602	5.3852182	-1.0888017	0.84510575	17.553825	1.3448218	1.3083223	-0.037783624	-0.047444396
603	4.2232158	0.69344666	0.65774484	228.19286	1.3661218	1.3458553	-0.0082323526	-0.013159661
604	5.8299746	0.20556528	0.69617435	195.72918	1.2882851	1.1761009	-0.013724934	-0.04752732
605	2.0816558	0.35603224	1.2796844	149.26893	1.4137286	1.2006989	-0.023212183	-0.040180188
606	4.1265583	0.52238667	2.4898584	295.03168	1.3818754	1.2379471	0.02185037	-0.039631799
607	0.81700494	0.095556439	0.79990456	147.91309	1.4210924	1.2744126	0.02747898	-0.025849112
608	2.7595211	1.0098285	0.3933963	339.65922	1.3448575	1.2315405	0.014057562	-0.024370233
609	1.5734571	-0.12469066	2.5286203	74.386209	1.4375407	1.3259755	-0.048408347	0.016142926
610	3.8603267	-0.22292414	2.5196865	147.35497	1.4084322	1.2873202	0.02788612	-0.045759663
611	4.6831225	-1.0279679	0.62560278	137.24464	1.4726804	1.2761398	-0.006185453	0.0039535175
612	4.5528887	0.85461612	2.1569226	223.47323	1.4996973	1.2165092	-0.014167942	0.0022659796
613	5.8481406	0.6639466	2.0394101	162.56898	1.3659259	1.3315457	0.0015105442	0.018570086
614	1.0936006	0.1985594	2.2336523	96.856413	1.4541462	1.4166608	-0.027159623	-0.040531028
615	3.7026702	0.9855718	1.1981156	102.64553	1.5063534	1.2546604	-0.045773068	0.020428689
616	0.82775897	0.11989425	2.0583065	125.29134	1.4759583	1.4746053	-0.044237341	-0.042135736
617	1.4480184	-0.74131583	1.1101092	315.2716	1.5365533	1.4894079	0.043674215	-0.011811771
618	5.9050596	-0.24705494	2.260253	263.20238	1.4692834	1.3153423	-0.025196239	-0.044026888
619	3.6685765	-0.20812893	2.7497591	224.53451	1.3944076	1.2782558	-0.0010417208	-0.033373446
620	1.6305062	-0.56171914	1.0549896	206.21336	1.4507213	1.4343863	0.033631308	0.0364691
621	3.9811696	-0.76659744	2.2623665	137.87112	1.4437837	1.3373301	-0.020343357	-0.00054741327
622	4.117558	0.26948481	2.52268	133.47932	1.4864848	1.4310438	0.024697751	-0.019256446
623	5.7096402	-0.052052707	0.70971638	183.80202	1.5306153	1.5013001	-0.041159826	-0.0045219959
624	2.4759103	0.7003808	0.35741876	149.85775	1.6054747	1.3277358	0.015019822	0.0026211348
625	1.8695961	-0.39638399	2.0012655	53.142812	1.378735	1.2817544	-0.025120361	0.020188144
626	5.2420158	1.116629	0.31098319	336.57363	1.433069	1.291537	-0.028284122	-0.01366759
627	0.96799373	0.47816361	2.3274868	100.57045	1.3895272	1.2686983	0.012845247	0.03022475
628	5.2640231	-0.46076159	2.8013471	508.26739	1.5169656	1.5163299	-0.00059072412	-0.02908534
629	3.2449362	1.1091711	2.3147551	220.43409	1.4506694	1.3473122	-0.031737277	0.029141328
630	1.0634866	-0.67153839	1.1822637	67.178441	1.4901643	1.3984414	-0.012539046	0.031245031
631	4.9848937	0.96439069	2.4336975	322.6043	1.5147188	1.4706265	-0.01480169	-0.022135262
632	3.899199	-0.7626638	2.7088763	129.01463	1.3849677	1.261394	-0.037286114	0.017178838
633	2.8346076	-0.75288958	0.60532268	241.81127	1.3588003	1.3220671	-0.018108863	0.024767082
634	3.3579979	-0.20982154	2.9922379	434.7005	1.4264564	1.4096024	0.047017684	-0.024321767
635	2.3876167	1.1129054	0.20435833	264.79128	1.4580503	1.4232309	0.025581769	-0.0056223848
636	4.3838452	-0.55062065	0.25362307	264.53143	1.5065516	1.3666552	0.021833036	0.02524094
637	4.068187	-0.29034439	0.42619804	216.25905	1.4789273	1.3699731	-0.011063746	-0.029955872
638	0.12721833	0.79583151	0.88385314	286.28565	1.6320187	1.5681615	-0.033888361	0.030595117
639	1.5010971	1.126913	0.66635864	192.20475	1.5307618	1.3705515	0.020337313	-0.031575067
640	6.2071326	-1.1523313	0.59954532	189.86867	1.4507785	1.370591	-0.0086299777	-0.020922428
641	5.9474344	-0.38267534	0.19234366	122.45561	1.3791103	1.3393368	0.0026845964	0.035986978
642	5.7284753	-0.69829203	0.20630503	252.08106	1.3715414	1.3275394	-0.0098399199	-0.047604897
643	2.5527672	-0.7839448	0.36094862	115.02647	1.4978475	1.3360858	0.0052649648	-0.027328159
644	1.012896	0.8459653	2.1710984	89.045836	1.4335167	1.3325089	-0.0102846	0.024119669
645	0.28150431	-0.42099772	0.66019497	140.81518	1.4567828	1.379356	-0.046079875	-0.024353975
646	5.8944582	0.68266592	3.0030646	352.24819	1.6282561	1.4740099	-0.025894023	0.028520359
647	5.8957585	-1.0111523	2.7659935	186.19941	1.5192843	1.4277769	-0.031656342	0.039154721
648	3.136557	0.4935513	2.5799608	115.10559	1.4952506	1.2962865	-0.014190652	-0.048891046
649	3.6014603	0.63296367	0.77287593	137.76678	1.4972703	1.3617725	-0.041663383	-0.027399454
650	4.1733291	0.20208101	2.9923885	387.90499	1.5030588	1.4452458	-0.039479322	-0.026600832
651	2.2069731	-0.87265263	2.4040022	25.465114	1.3773273	1.3350602	-0.0047163236	-0.022947757
652	2.1052031	0.61122131	0.72260248	126.86412	1.4303395	1.3164678	-0.048906681	0.037523564
653	4.2062435	-0.30302841	1.1269651	50.280669	1.3822666	1.3167123	0.001845779	-0.029731877
654	4.1565588	1.0431789	2.0861277	123.12906	1.3673401	1.2351109	0.016944011	0.029651069
655	4.272224	0.66157654	1.7766816	130.61026	1.3723779	1.3521479	0.033915803	-0.047172043
656	0.64274935	0.15793851	1.5728807	77.097884	1.3806744	1.2809135	0.03502885	-0.006595618
657	3.3923016	0.50679132	2.3302068	120.45849	1.3249886	1.2914594	-0.040505478	0.049416137
658	5.481176	-0.57735259	1.8254476	259.72269	1.297388	1.2525384	0.038434537	-0.029045089
659	1.7267262	-0.50220187	2.2718177	228.78034	1.447939	1.3186551	0.021409445	0.047349249
660	6.2250634	0.7898834	2.945766	116.38349	1.5228733	1.4376057	0.036711213	0.031230587
661	4.2814196	0.42203907	0.58891052	147.49266	1.3501494	1.2852235	-0.034757293	-0.041220995
662	5.0457754	-0.75420278	0.37113807	189.5673	1.4575057	1.251827	0.024878337	-0.020985552
663	4.9847673	0.14684185	2.5307358	252.77762	1.3621689	1.3304558	-0.039746429	0.040403341
664	1.7329225	-0.77532734	0.45363663	197.75378	1.3995773	1.319949	0.022224218	-0.016051488
665	3.5075728	-0.44544433	0.40004526	86.884558	1.4478829	1.3801528	0.010461097	-0.035754356
666	4.9445886	0.52126949	0.84101868	276.60682	1.55532	1.3002563	0.0011990789	-0.024928975
667	1.0389605	-0.88709945	2.3936559	181.82346	1.4974295	1.4710094	0.017442993	-0.044321081
668	4.2397564	1.061317	2.842664	173.44488	1.3688703	1.3282226	-0.043136607	-0.03505785
669	2.1622827	0.097572709	1.3158579	175.88056	1.6070908	1.4024393	0.0028583055	-0.011151015
670	4.4322035	1.3859487	1.0280285	191.21486	1.2972311	1.2683242	0.043929799	0.03302487
671	1.5399156	-0.19630108	2.0754693	183.6453	1.3005207	1.2783837	-0.046709779	-0.024012683
672	6.0798384	0.35514315	2.4623625	211.98068	1.4083274	1.2888345	0.031096499	0.036308994
673	1.0649302	1.0451482	2.9414818	398.51493	1.6619441	1.3974797	-0.0056615883	-0.015860846
674	4.8619397	0.096538069	2.3760389	225.11757	1.4380934	1.4085954	0.020400998	0.034316581
675	5.2806967	0.23429376	2.6869191	113.00316	1.343701	1.3304638	-0.013197343	-0.046759806
676	4.2077659	0.028309165	0.4635639	96.30228	1.5349584	1.2857141	0.038784727	-0.028024048
677	5.7058786	-0.60213252	0.24123629	226.75675	1.5315744	1.440615	-0.022631405	-0.023859251
678	5.2243545	0.27106863	0.77708072	165.79389	1.3792317	1.1754914	0.027372437	0.016018915
679	4.1580796	0.6800116	2.033842	119.05682	1.3276551	1.2589774	-0.0036378357	0.045652886
680	0.9347608	1.2145884	0.27705205	218.82596	1.3375876	1.3308189	0.048130373	0.041050047
681	4.3732447	-1.1801823	2.7799414	635.17937	1.6971489	1.5159069	-0.036796405	0.007886647
682	3.3116485	-0.37001867	0.58763929	161.79546	1.3019754	1.2866684	0.02518841	-0.017490453
683	1.7899041	-0.34097563	2.7484489	181.30865	1.4864506	1.2940644	-0.049942185	-0.038067316
684	2.3037072	-0.30954607	1.2782447	101.97976	1.3931916	1.3764044	0.03000507	0.0031358944
685	6.2596338	-0.19622587	0.70111509	187.08615	1.468187	1.4022865	-0.044947086	0.032618843
686	4.3109962	0.13658258	1.0612984	202.25852	1.4140532	1.3469617	0.0041478316	0.018805772
687	1.7078533	-0.46197966	1.9645716	27.81072	1.4013097	1.3730185	-0.045279667	-0.026431008
688	1.7305988	0.90483242	1.9402216	94.104733	1.3765589	1.203018	-0.022926364	-0.043490346
689	2.5770939	1.2196272	0.53861023	103.87262	1.3789777	1.2082103	0.01791416	0.020879472
690	2.8753161	-0.32024512	0.92047853	248.89383	1.5994541	1.3699023	-0.0078863754	-0.0052587502
691	3.675669	0.63830987	0.82830403	43.573364	1.3342612	1.2055054	0.0049479635	-0.022751719
692	3.896654	-0.32799527	2.6946591	215.59607	1.3514944	1.3249304	-0.017758834	-0.027137587
693	1.7427994	1.2439747	0.25872003	170.41425	1.5166551	1.434141	0.0040900254	-0.019467367
694	4.8136549	-0.02082364	0.3539708	265.69392	1.4870655	1.4091884	-0.039706413	0.00095706661
695	2.4002907	-0.83100813	0.52019847	156.53049	1.4819699	1.3174547	0.049640852	0.012706061
696	4.3253538	0.44991992	0.19660846	384.09317	1.4742729	1.4006116	0.026960223	0.041423641
697	2.996275	0.8111797	2.419603	118.21069	1.3805688	1.2762092	-0.043426502	-0.011484848
698	0.14885543	-0.20468932	0.72991928	289.12383	1.5583879	1.5532342	-0.036069505	0.018590928
699	3.1150729	0.54420814	0.25029959	246.72541	1.4443013	1.2786797	0.049146277	-0.019518255
700	1.7626345	0.099565153	1.2156334	146.98041	1.3085202	1.2950326	-0.010525366	-0.042737269
701	1.7696203	-0.019403233	0.88620769	121.20326	1.4477399	1.3746758	-0.021237484	0.0055555143
702	1.5773626	0.38473038	0.23416764	93.931662	1.3050624	1.2994252	0.0085867461	0.03944006
703	6.0879051	-0.26623481	0.82770759	50.896423	1.4697835	1.2706657	0.021110228	0.031372718
704	1.2010814	0.66085454	1.340515	81.888122	1.3154516	1.3126962	0.017129181	0.0053553803
705	1.8116216	1.2488612	0.90666859	153.10299	1.3348608	1.3147107	0.011557339	-0.035905151
706	5.9875746	-0.62967718	0.59152977	211.78323	1.5152914	1.2627125	0.0023527272	0.040193077
707	1.3867453	-0.027965427	2.0362087	166.73101	1.4851741	1.4207232	-0.012333816	-0.0121236
708	0.82349929	-0.71827317	0.12469612	333.87939	1.4510188	1.3397701	-0.027243998	-0.016580056
709	5.1602652	-0.24110279	1.8723842	69.587467	1.4502967	1.3255624	-0.017064303	-0.035101823
710	3.6598359	1.0044412	2.2914778	184.94472	1.4305961	1.3379913	-0.046405223	0.0061737156
711	0.63009192	-0.44215942	0.58492057	483.21213	1.54785	1.2582111	-0.048403452	-0.027371223
712	1.0815836	0.082994686	2.7778257	157.98487	1.3493006	1.3485992	0.016435147	-0.0099655543
713	0.33727726	0.25857845	0.7149985	104.7343	1.3226446	1.29555	-0.017332983	-0.031571511
714	5.3548204	-0.62329063	2.1417802	94.883184	1.3670715	1.3381144	-1.6891791e-05	-0.019791701
715	1.9448318	-1.3029157	0.8478491	190.57869	1.4874762	1.351695	-0.045590507	-0.010521092
716	6.0977989	-0.28115021	0.96039815	123.54428	1.4635014	1.4045804	0.035672375	0.046978338
717	3.9812262	0.23419371	0.71883222	265.02212	1.579347	1.4562102	0.047997449	-0.026327547
718	3.59494	-0.4407013	2.5608213	100.62957	1.387793	1.3712805	0.0034363632	-0.021695296
719	1.0034183	-0.33701103	0.66683006	170.82282	1.4326114	1.3591812	-0.025233462	0.013620053
720	0.26983695	0.8310037	1.8186849	114.98179	1.4799494	1.4207163	0.040882085	0.02477825
721	3.8350354	1.1583211	1.4105419	42.553495	1.345972	1.3386091	0.0016309766	0.030262562
722	3.3407339	0.46415306	0.93979545	174.15548	1.4253381	1.4041196	0.026778302	-0.040744724
723	5.9193633	0.57866812	2.1597075	95.648622	1.2864088	1.1759759	0.038081515	0.016733331
724	2.521872	-1.3831799	2.1337073	184.29295	1.4692041	1.3993735	-0.035472872	0.048477333
725	3.1701046	0.044004533	0.86540061	248.16985	1.4931754	1.3588254	0.037332636	0.042769598
726	1.6074456	0.52257826	2.141835	139.61459	1.4300812	1.3527792	0.0021189187	-0.048864733
727	5.479913	0.32826351	0.59596131	218.21124	1.4069543	1.1477598	0.030667414	0.037382523
728	2.7194062	0.50741663	0.22925106	303.47492	1.457283	1.44559	0.020677708	-0.041806524
729	3.3338242	0.40769987	0.45609621	151.17436	1.6083465	1.4023669	-0.014420557	-0.032413713
730	5.9585724	-0.20520623	0.9839148	92.370912	1.3715721	1.2043473	-0.049965816	0.015065653
731	4.3752051	0.095195824	0.56059314	375.05355	1.5025609	1.4765626	0.038859538	0.0027235582
732	2.5242593	-0.22400582	0.44567286	247.21993	1.5505563	1.521761	-0.037169819	-0.048113646
733	0.67776201	-0.88225591	2.0889791	149.09447	1.4477299	1.356735	0.012944807	0.019038357
734	5.3232225	-0.48726264	1.0925859	170.97532	1.5021468	1.3331818	0.047142496	0.014599638
735	1.8117266	-0.39760261	2.8019469	138.79795	1.3627863	1.1739847	-0.00024754896	0.0096244264
736	5.5058975	-0.25131458	1.2531328	176.24758	1.348552	1.3023594	-0.0095844225	0.026747367
737	1.1209885	-0.55191025	0.53960528	187.57545	1.4090642	1.3894395	-0.043149976	-0.016127713
738	3.9070627	-0.45032459	1.8914731	108.12725	1.3281049	1.262141	-0.022296474	-0.036717898
739	2.5711387	-0.21501817	0.76739206	227.28064	1.5717167	1.4727949	-0.038478839	-0.017660136
740	5.4416766	1.104857	0.50894251	245.56832	1.5231665	1.4416828	0.014670818	-0.014024456
741	1.3287255	0.049243036	1.3671523	82.013205	1.3577553	1.2083642	0.0040343746	0.03361752
742	4.3587704	-0.75065293	1.9294851	79.43586	1.5246281	1.3310129	0.017235439	-0.026480815
743	2.9316001	-1.3501594	0.61043443	229.63594	1.4674118	1.3938471	0.0018963092	0.033204596
744	5.0158011	0.27401513	0.42963965	317.26211	1.510954	1.4643601	-0.037810553	0.0070436586
745	3.5044067	-0.27212491	2.3915501	186.04636	1.4863125	1.2642585	-0.031239238	0.030975887
746	3.3694636	-0.088404371	2.5597375	297.84774	1.6569171	1.3458536	-0.0038363068	0.033460991
747	0.13220379	-0.95036286	2.4651459	194.86366	1.4576803	1.3644891	-0.040481013	0.042792067
748	3.8032117	0.66805491	2.658016	303.1355	1.4212402	1.2905543	-0.013826646	-0.029494393
749	0.8214649	0.79534011	0.14264435	216.45665	1.378897	1.2964726	-0.03385003	0.013346375
750	1.358228	0.2024045	2.5555077	337.80055	1.5168841	1.3466163	-0.012805626	-0.040479305
751	3.8463174	-0.92635595	2.7705197	190.43736	1.30434	1.2793661	-0.005666943	-0.048242575
752	2.8296955	-0.85779288	0.86713607	131.69996	1.3661884	1.2716834	0.045157337	0.047592076
753	2.2614701	-0.41001232	0.85520165	89.544477	1.4723511	1.4224435	-0.0056588301	-0.039239193
754	4.1574935	0.68661107	2.8189023	253.76828	1.4337665	1.3874738	-0.015322761	0.046422242
755	5.4164267	-1.0065429	0.67296264	153.01883	1.460911	1.3746812	-0.016525321	-0.014631756
756	1.8167768	0.45064339	0.80730665	171.62349	1.292518	1.1660698	-0.0048428811	0.022317064
757	6.0106975	-1.1643417	0.46765366	278.55923	1.4422802	1.3008951	0.029796947	-0.023307596
758	4.2632465	-0.9938524	2.6293876	251.98679	1.4267148	1.3762471	0.037328456	-0.010952147
759	1.2993585	-0.070667163	0.93397422	526.54508	1.5412162	1.5321938	0.034143491	0.013716064
760	3.8862656	-0.034876094	0.41763191	348.10327	1.4378071	1.397279	0.02360109	0.020091351
761	1.8509017	-0.71457228	1.7597634	76.410128	1.4103956	1.3020992	-0.024515351	-0.01062042
762	4.8592409	-0.45829375	1.0572654	63.525829	1.2183606	1.206329	0.0067806498	-0.0056272624
763	4.0912309	0.66421319	2.3812655	189.24557	1.428453	1.3714872	0.017279811	0.0025060754
764	1.4183791	0.97168035	2.771376	130.61563	1.2559892	1.2043663	-0.039117593	0.042367653
765	1.8119833	-0.48632423	1.8235101	108.88359	1.4219228	1.3262507	0.02760935	-0.01055537
766	4.2680066	0.45318338	1.6152311	155.6389	1.4556082	1.3217982	0.04301532	0.048570519
767	6.0659937	-1.1770363	0.75084892	225.4115	1.4995125	1.3126886	-0.024406547	0.0037934046
768	1.9363398	0.50897552	1.8807553	68.028001	1.3706264	1.2912575	-0.031895194	-0.036149388
769	5.2175011	0.4868124	1.7765051	54.934093	1.51176	1.2808126	0.02729642	-0.043780527
770	2.4146107	0.44974607	2.4449916	318.22178	1.4495922	1.3946832	0.018004304	-0.019619942
771	5.0276204	-0.49122372	2.7111121	267.15806	1.3778861	1.234104	-0.034666394	-0.03780091
772	2.8189721	0.046611966	2.8875066	205.21746	1.5457353	1.0734079	-0.016894091	0.023305083
773	2.8003321	0.85303752	0.92329676	126.38147	1.4150457	1.4122939	-0.036625584	-0.028666399
774	5.0943362	0.6210474	1.3326089	217.22046	1.4984894	1.2610914	-0.029210519	-0.025785685
775	0.28423454	0.43393004	2.1824421	192.58282	1.5079073	1.3478944	-0.017628344	-0.04895057
776	5.6992538	0.38708216	1.702202	45.068347	1.387828	1.2926195	-0.033858349	0.037169769
777	2.8048512	-0.6083546	0.98400485	295.97613	1.3006228	1.2866083	0.0452075	0.027050619
778	0.18141636	0.24614063	0.7374964	230.03871	1.441781	1.2720916	-0.02921336	-0.008777325
779	5.6156214	0.50248322	0.18299327	295.67205	1.4615754	1.3205057	-0.045658222	0.026069476
780	4.8749587	1.027417	0.43980979	243.69005	1.5251729	1.4364738	0.0039220868	-0.032894204
781	5.5588399	-0.4299336	2.9688899	342.1512	1.5667859	1.5211385	0.017000052	0.0410215
782	3.2451133	-0.9826269	0.55113167	379.56744	1.4862199	1.4659137	-0.040233243	0.0049334479
783	2.9225835	0.71394828	1.1718544	93.441754	1.5400154	1.3676496	-0.027664756	-0.029985352
784	3.158515	-0.65781148	0.85378995	144.27692	1.3296312	1.2396931	0.0019749093	0.015673771
785	5.0725456	0.89329557	0.87527445	243.28785	1.4439776	1.4188525	-0.014008428	0.031442201
786	1.1015174	0.5668671	2.6132673	479.07606	1.5200609	1.4348404	0.018794934	0.022508314
787	0.36537032	-0.24415979	0.83730166	221.01756	1.5002832	1.4055002	0.035055406	0.029056047
788	4.9066656	0.64998144	2.8568236	279.67224	1.4132577	1.2952283	-0.029952057	-0.013800423
789	0.86805997	0.47923878	0.37165266	284.83967	1.5598743	1.2653681	0.030202947	0.04114251
790	5.9544186	-0.56191357	0.94839815	119.53982	1.3426324	1.2921035	-0.028156882	-0.024194392
791	5.3317715	0.63560413	1.2231695	78.001486	1.4446634	1.3142774	0.020428774	0.016885023
792	1.9563371	0.26009723	2.7267823	138.83453	1.4734968	1.2349366	-0.034124952	-0.011418368
793	5.5224727	-0.93484554	0.42372454	166.83703	1.3736955	1.2968136	0.03531918	0.010111461
794	1.0388321	-0.73591773	2.9967289	268.12317	1.5662144	1.3414924	-0.013318965	-0.0049094548
795	1.2197311	0.40507998	2.0297753	129.6002	1.5302493	1.4817881	-0.0088219675	-0.0086299008
796	5.6620625	-0.88985493	0.7075554	272.54364	1.4679975	1.338915	-0.027868644	-0.04330739
797	1.4890407	-0.39211488	0.78290538	149.62272	1.3842531	1.1940634	-0.016705617	-0.00029072002
798	0.32223409	-1.0791716	1.0032498	78.439058	1.4047031	1.214344	0.024350556	0.023905658
799	4.0454778	-0.133263	2.3727231	139.5558	1.5397059	1.4227701	-0.035827492	0.01588509
800	1.0625261	-0.065146223	2.0704441	135.49601	1.4412208	1.3417971	0.039388205	-0.0006451509
801	4.354245	0.92071171	2.5844361	348.08671	1.481514	1.4306575	-0.040367868	0.023387784
802	3.0915789	-0.013046744	2.144222	156.23219	1.5203521	1.3360525	-0.027180959	0.03107161
803	5.3860202	-0.24770368	0.24157895	174.58714	1.4591536	1.3318738	0.046823443	0.0024039542
804	3.273632	0.91780999	2.6286631	151.18311	1.3666546	1.297292	-0.028187965	0.03594733
805	0.6530977	-0.86925101	1.4473727	86.93072	1.4940058	1.4316537	-0.01122843	-0.0052926203
806	2.1027891	0.71132463	1.7931388	167.02646	1.2957471	1.2387889	0.0002032408	-0.016851758
807	3.2549125	-0.60329857	0.44534017	203.66189	1.4287198	1.2851286	0.023662076	-0.035976753
808	2.5648873	-0.77435879	0.81479969	249.64122	1.440524	1.3815115	-0.0029519681	0.016948163
809	0.32740917	0.78717438	0.91908486	126.9796	1.3674436	1.3266923	0.013608051	0.0045839547
810	0.9500999	-0.74733708	2.325658	99.636315	1.4491052	1.2912364	0.012555368	-0.04061038
811	0.043263248	-0.39034862	0.75928562	145.0526	1.4547397	1.4164579	-0.024136356	-0.018902499
812	3.1338175	-0.6436701	1.8951084	121.59012	1.471991	1.3219633	-0.013719867	0.04250203
813	6.2402237	1.135374	1.4200308	161.17683	1.5204873	1.3990485	-0.033539362	-0.031991926
814	2.6095347	-1.0782895	0.82304028	137.12153	1.4188073	1.318271	-0.045802387	0.017194806
815	3.472951	1.1420086	1.0296113	178.96505	1.397855	1.2548023	-0.049191257	-0.018666809
816	0.41988255	1.526892	2.0890363	136.4269	1.350769	1.1703132	-0.0127683	0.021724534
817	4.9522446	-1.1085675	1.6635421	180.01482	1.5569649	1.2808894	-0.0052366316	-0.0063333234
818	5.3342428	-0.92374521	0.82684699	70.267875	1.459808	1.3393509	-0.014197317	-0.00078274919
819	3.6068812	-0.30929449	2.8883395	187.91977	1.6441618	1.1367708	-0.012114106	-0.042255088
820	2.8490592	0.63109925	1.0470071	140.0735	1.5451843	1.4809183	0.040623113	0.046194735
821	3.445773	0.18063753	2.0309728	60.935481	1.418858	1.3326902	0.0087945157	-0.047113884
822	0.48382631	-0.69263302	0.65413734	162.26521	1.5373113	1.3009663	-0.011603498	-0.024944959
823	2.1688428	0.34611167	1.8848452	129.19565	1.4035925	1.146295	0.04012948	-0.01527496
824	0.090962474	0.74042459	2.9188639	313.38426	1.4140571	1.3239788	0.020905716	0.01019252
825	0.0069856947	0.0089040871	0.44947599	168.88533	1.5042743	1.3777554	0.032950188	0.021000179
826	3.8255409	-1.1665747	2.5834963	161.45562	1.4115058	1.4098748	-0.048236041	0.016635264
827	5.3706903	-0.36203693	0.44087085	68.281766	1.3389622	1.3191651	-0.044790378	-0.02120638
828	0.56809396	0.62983427	3.0301269	187.67662	1.5220703	1.3912957	0.0077573716	-0.0082489621
829	1.0871585	0.40398587	0.31116756	219.43288	1.3476217	1.3338585	-0.0064978093	0.020788499
830	2.2835203	0.057727056	2.2790305	144.34217	1.3740649	1.3015492	0.017291361	0.043784024
831	0.13731683	0.60748595	2.602641	120.5644	1.3447551	1.3374869	0.02945885	-0.02646328
832	2.1676134	0.093654316	0.59558517	126.3776	1.4567552	1.319901	0.027118872	-0.030928339
833	4.6706514	-0.96827061	0.91108444	189.42026	1.3683637	1.328108	-0.00070654429	-0.040477635
834	2.1651864	0.62973286	0.27872747	147.13927	1.5834697	1.3417376	0.025908945	0.030568736
835	4.6969082	-0.36456677	0.95468305	169.66108	1.3104489	1.3004169	0.0091793015	-0.044737738
836	3.2776013	0.23908445	2.3111398	246.76411	1.4791979	1.3756863	-0.043138016	-0.049403309
837	0.29309705	-0.20825781	1.8448672	66.076879	1.3580664	1.3062655	0.014704555	0.016339522
838	4.852169	-0.73253475	0.37012146	21.820045	1.3430742	1.2783172	0.045103594	-0.039175115
839	5.0348741	-0.16495288	0.53178079	327.52618	1.6101364	1.5106929	-0.037756602	0.020216634
840	5.7071556	-0.39488683	2.5745283	120.97299	1.4599174	1.4064763	0.030919422	0.039205543
841	4.1284017	0.05143919	2.5941085	176.49886	1.3406729	1.1772653	0.037929616	-0.044485509
842	5.4429248	0.11450677	0.36258269	173.51359	1.398824	1.3003115	-0.01038119	0.0085250792
843	5.6784794	-0.37111806	2.0195886	118.72892	1.4188517	1.1936994	0.011722881	0.016872765
844	3.0460386	-0.076324798	2.5421663	101.74273	1.3758475	1.3410856	0.015910287	0.034394062
845	4.1215036	-0.39299727	0.25052614	122.8999	1.4116588	1.3947642	-0.047186098	-0.018459632
846	4.2970741	-0.53007168	1.5384753	110.93561	1.3818162	1.2346848	0.042035671	0.042838917
847	0.16748016	0.92388283	0.94997497	184.57353	1.4494217	1.3235584	-0.020323526	-0.046913321
848	0.10967833	0.99128594	2.1427959	233.7969	1.5999342	1.333902	-0.045732169	-0.041031098
849	3.0651815	0.40629499	0.96095818	208.10944	1.4895149	1.3340308	-0.00096749326	0.022473171
850	0.046337821	-0.071788891	2.5327241	89.643793	1.3932114	1.28305	0.027554614	-0.0020481646
851	6.0326944	0.15934353	2.689128	468.25157	1.6662557	1.5944708	-0.012527248	0.0089069758
852	4.7301927	-1.1500901	2.8372302	217.05047	1.5062213	1.3506961	0.030307154	-0.033362462
853	2.1390592	-0.097522171	1.1456839	118.23719	1.4006075	1.1535101	-0.0061735581	-0.042926014
854	2.5435272	0.65345317	2.8773378	68.731519	1.3355592	1.2657416	0.0012000801	0.0053073242
855	2.1260255	0.35796921	0.34245544	381.42007	1.5056274	1.4859459	0.045572674	0.038258524
856	1.7681792	-0.25050365	2.5560287	117.58902	1.4247933	1.3737025	-0.023133786	0.0035238421
857	0.14012856	-0.38919891	0.28260702	141.18219	1.425496	1.3970612	-0.00033805168	-0.04875313
858	3.3760512	0.61414248	1.6359989	192.00241	1.5307113	1.4130683	-0.033678816	-0.0001000772
859	4.4678708	-0.5091828	0.63689877	191.12817	1.4233356	1.2565575	-0.0040757246	0.033498584
860	2.4738534	0.93948811	0.49205017	77.557935	1.3335111	1.2814431	0.043254998	0.03103095
861	2.6997261	-0.1483393	2.5641888	317.67064	1.5239676	1.3501366	-0.021294084	-0.011394789
862	5.6284724	0.66994351	1.3894627	130.59556	1.5654641	1.5293658	0.031298482	0.0019457657
863	0.1017981	-0.41517182	1.8475141	164.23191	1.4158412	1.3862711	0.040962933	0.015405716
864	0.22786087	-1.4925457	2.3235598	252.88525	1.443228	1.3526387	-0.040461142	0.01417744
865	4.795343	0.59385513	2.6679274	586.9581	1.574423	1.534531	0.0077756576	0.015510474
866	2.6479222	0.84868363	2.5822315	198.41284	1.3607964	1.3541759	0.007893546	-0.035120135
867	0.20698476	0.83095513	0.36952697	81.479672	1.3270943	1.238313	-0.011902437	0.042744182
868	0.95819138	-0.60479341	0.96116439	172.55815	1.3614631	1.287325	0.044372601	0.0059864015
869	1.249016	-0.55090914	0.48188518	258.21705	1.4198101	1.2652371	-0.034240471	0.0096034769
870	3.0630243	-0.56126602	0.63622532	141.24392	1.3824737	1.3120745	0.011523942	-0.024976399
871	1.6929627	-0.68292256	1.0793916	109.18999	1.498046	1.3632966	-0.019931721	-0.028030829
872	2.8396539	0.84807157	0.62496359	289.2084	1.5290883	1.3345045	-0.013012892	0.030453371
873	0.33391136	-1.0715071	0.5154552	260.31967	1.615545	1.4688105	0.0021674539	-0.00075612099
874	2.9052002	-0.45582384	1.0048341	176.9519	1.4644433	1.3288677	-0.026367963	0.027392003
875	6.058343	1.5381511	2.1456455	168.52265	1.3873884	1.3854393	-0.036379611	-0.034041695
876	1.6704606	-0.1908624	2.7430622	407.00913	1.5447596	1.3450541	-0.0281118	0.0012439253
877	4.603831	0.018766373	1.6954198	75.114097	1.3625863	1.278548	0.025186658	0.032528271
878	3.8029325	0.76098614	2.5901265	104.32933	1.4300458	1.2783232	-0.026234921	-0.032360677
879	0.27823322	-0.69818532	1.3547126	169.78337	1.4621235	1.360886	0.017177896	0.00092732664
880	5.6741784	-0.4395924	2.4358552	218.37267	1.4405011	1.4224602	0.041854607	-0.024976302
881	2.5130177	0.73932422	0.37489189	330.10319	1.4848069	1.3179306	-0.031099323	-0.032655147
882	0.73050394	-0.99919241	0.68946085	240.45047	1.4592722	1.4052625	-0.016680181	0.034636496
883	1.0673107	0.71372772	0.60918793	207.73965	1.4507873	1.4347023	0.023999307	-0.022530194
884	1.9495819	0.18607003	2.022378	145.82811	1.518159	1.3623965	0.0088721397	-0.031159854
885	2.4643505	-0.021051391	2.899695	367.99818	1.5422485	1.2729037	0.022122557	0.028715246
886	4.1548762	-0.24332576	2.7303475	174.97953	1.3949052	1.3149528	-0.0093042026	0.015218573
887	1.7259793	-0.23985193	0.89816112	87.38711	1.5008575	1.4105536	-0.044169024	0.04322332
888	4.9712658	1.1665118	1.0565667	139.99533	1.3874768	1.3596712	-0.031508469	0.017452467
889	2.6030586	0.24313329	0.3933965	104.67294	1.5438631	1.3985891	-0.03973276	0.0074256331
890	3.1921741	-0.45880244	1.1338013	215.57585	1.3308606	1.2738368	0.02340466	0.015720879
891	1.3832615	0.015894704	0.4110018	182.34509	1.3738131	1.2669795	-0.046388992	0.01369819
892	4.5308137	0.45193925	0.67845564	84.127679	1.5385891	1.3603642	0.011679941	-0.02557709
893	2.5443128	-0.83414676	0.54216889	164.39391	1.3582505	1.3532326	0.033048223	-0.047692229
894	2.4810995	-0.85628836	2.7759197	261.00812	1.4629216	1.3978207	-0.023854026	0.031449035
895	4.6028706	0.85140574	1.4617475	246.17828	1.3528177	1.3357367	0.032059691	0.046985637
896	4.6221828	1.1494921	2.7380535	189.09824	1.415425	1.2896962	0.038956039	0.044879885
897	6.0509948	-1.1600039	0.23175216	354.1532	1.5162342	1.4443036	-0.025050345	-0.014394612
898	0.17629515	-0.16961272	2.1033253	130.77021	1.4111766	1.221945	0.0080306374	0.013373839
899	5.2155896	-0.52831879	2.5090466	225.58641	1.3944136	1.3718747	-0.044926912	0.00041408359
900	5.3374494	-0.14372289	1.4230453	133.84792	1.3833584	1.3557378	-0.038655545	-0.011789486
901	5.3894366	-0.91387373	0.71244307	214.80143	1.3922685	1.3131489	-0.020123445	-0.037177724
902	5.5730548	-0.07869275	0.69886154	171.08286	1.3471187	1.3153598	0.0053429149	0.011159498
903	3.8839553	-1.0808048	2.1129061	45.829007	1.3289569	1.3256441	-0.0073562257	0.01903212
904	1.6527499	1.1237032	0.69390811	265.95448	1.2984045	1.144195	0.0013001702	0.011658383
905	1.9034102	-0.40004016	0.48188278	97.628239	1.268634	1.2679442	0.03133305	-0.047549408
906	2.3837578	-0.38895736	2.6184825	221.37975	1.5118763	1.3164848	0.014478601	-0.014950053
907	4.4169659	0.18300665	0.23200407	136.99833	1.3093156	1.2421255	-0.03577155	0.0071778071
908	0.83423333	-0.5981217	0.24795742	159.89174	1.4567453	1.4138755	-0.038041055	0.013326577
909	4.859843	0.52975309	2.8825295	401.95038	1.4223233	1.3562689	-0.044192114	-0.033833897
910	2.0973316	0.42271424	0.79806085	454.9144	1.3754561	1.3270774	0.013603935	-0.044431386
911	0.26488374	0.67613517	0.40249249	161.78109	1.4377928	1.3713184	-0.047809638	-0.010890495
912	3.2862975	-0.79551385	0.40216235	294.4261	1.3900658	1.3364951	-0.01796561	0.048056798
913	4.9682077	0.80636346	2.5045972	234.46243	1.4067343	1.3409508	-0.013516195	0.04242044
914	3.1298751	-1.1464948	0.91064737	60.499367	1.4393421	1.4191865	0.031151525	0.026075266
915	4.2732172	0.86220281	0.54641884	291.22018	1.4416746	1.3687898	-0.04551026	0.026300132
916	4.817169	-0.34595981	2.5119832	220.7664	1.3581761	1.3559266	-0.010064821	0.020971197
917	4.9568131	1.2537936	1.2046644	93.329763	1.4748902	1.3695896	0.035863565	0.041067502
918	6.1780678	-0.66589501	0.28025832	380.13306	1.4741197	1.3920744	-0.024650439	-0.00096380386
919	5.6017245	-0.60214003	0.3684373	309.46288	1.5410651	1.3766249	0.0040529075	0.039945368
920	1.5408107	0.23720352	2.695856	111.05931	1.4151606	1.2736709	0.012730291	-0.018259927
921	2.7890971	0.46830564	0.33034447	150.16022	1.4038948	1.3093986	0.023813982	0.049220383
922	5.5708389	0.15838027	2.6225825	148.10112	1.4476229	1.2750213	0.0013101079	-0.021160015
923	0.27612347	0.016358991	2.3853233	142.70756	1.4323546	1.3535429	-0.04419306	-0.040718797
924	2.0420296	1.4304546	2.8931591	324.0413	1.4101247	1.4028757	-0.022332362	0.037352005
925	2.5758771	0.16884219	1.3351805	82.811433	1.3664704	1.3635723	-0.002714093	-0.039776782
926	4.8119274	-0.39458328	2.0819878	254.71719	1.4699438	1.295926	0.030467411	0.030106282
927	0.47735131	-0.024677187	1.2957218	138.52159	1.5011847	1.2097205	-0.043362916	0.03848838
928	5.7139919	0.16620505	0.5103916	207.40534	1.3546843	1.3390182	0.015092359	0.027662689
929	2.8512848	0.50437753	1.0777658	78.308629	1.4126007	1.3424954	-0.020536344	-0.049954696
930	4.4367369	-0.48365133	2.7764628	263.95471	1.4381153	1.2099117	0.0018550904	-0.00052969699
931	4.2430728	-0.78823724	2.7306793	68.138773	1.4241694	1.2270734	-0.01470585	-0.030844383
932	5.2395633	-0.58681691	2.7888116	394.35362	1.5918885	1.4366792	-0.043418725	0.03849154
933	4.4237171	0.64337471	0.41287269	462.3006	1.4681647	1.445158	-0.036621002	0.020275936
934	3.8818263	-0.13924216	2.7739184	140.14542	1.4138279	1.3308489	0.02834091	-0.049183714
935	2.2802062	-0.086171203	0.73769513	309.41218	1.5146886	1.3518797	0.014988261	0.0066659613
936	1.4420572	0.93780255	0.76877988	104.49275	1.4207155	1.3238225	0.0051108458	-0.03183689
937	4.3956925	0.61219489	0.53682631	346.77314	1.4857202	1.2469422	0.047184046	-0.015022177
938	2.8431501	0.72563758	1.006397	228.59092	1.4009042	1.3933449	0.049230999	0.030813156
939	2.019495	1.2617122	0.88015902	189.09124	1.4067504	1.3360593	-0.016161826	-0.025583591
940	0.13198128	0.68784188	2.5378952	340.44315	1.3842063	1.2974318	-0.039268109	0.020508443
941	1.1456854	0.69579092	0.61924811	145.90697	1.432666	1.2940287	-0.010524273	0.0014174531
942	2.299176	1.2905539	2.6713475	113.75649	1.4378173	1.4084374	-0.041696503	-0.039523811
943	6.2007575	-0.88932692	2.7358064	255.86383	1.4427488	1.4392195	-0.0035184396	0.024607983
944	2.8807027	0.80257999	2.1834135	255.21829	1.4940648	1.4388746	-0.0087736161	-0.032471616
945	0.51325207	-1.2778729	2.1540361	60.355164	1.3746868	1.1492648	-0.035724312	0.045710161
946	5.3864417	-0.32853188	2.7498988	281.23573	1.4092005	1.2239023	0.028958368	-0.0085884903
947	1.2255845	-1.2382514	2.2433244	205.19498	1.3122463	1.2287571	-0.037954951	0.033610729
948	0.63875971	0.46458939	2.901249	306.19439	1.4358441	1.4258357	0.017330512	0.0054750526
949	0.15623414	1.2600054	0.57322797	164.92727	1.4138197	1.2829994	-0.005538742	-0.015060661
950	1.4666255	0.4863149	2.1632983	82.263864	1.3090595	1.3022347	0.029564572	-0.022156402
